0.0,0.0,1.0,0.0,1.0,0.0,-1.0,0.0,0.0,0.0,0.0,0.5,0.0
-3.9532689253677266e-05,0.0,0.9999999992185833,0.0,1.0,0.0,-0.9999999992185833,0.0,-3.9532689253677266e-05,8.338732873743664e-05,0.0,0.4999986223128669,0.0
-0.00015759922444701178,0.0,0.9999999875812422,0.0,1.0,0.0,-0.9999999875812422,0.0,-0.00015759922444701178,0.0003324278156562275,0.0,0.49999448815068714,0.0
-0.00035340230221530606,0.0,0.9999999375534044,0.0,1.0,0.0,-0.9999999375534044,0.0,-0.00035340230221530606,0.0007454387290890069,0.0,0.4999875671862864,0.0
-0.0006261446038316295,0.0,0.9999998039714484,0.0,1.0,0.0,-0.9999998039714484,0.0,-0.0006261446038316295,0.0013207366913391711,0.0,0.4999777919076011,0.0
-0.0009750287781967934,0.0,0.9999995246593278,0.0,1.0,0.0,-0.9999995246593278,0.0,-0.0009750287781967934,0.0020566376642644187,0.0,0.4999650589189335,0.0
-0.001399257418854619,0.0,0.9999990210388587,0.0,1.0,0.0,-0.9999990210388587,0.0,-0.001399257418854619,0.0029514569220370737,0.0,0.49994923022904564,0.0
-0.0018980330355108847,0.0,0.9999981987336758,0.0,1.0,0.0,-0.9999981987336758,0.0,-0.0018980330355108847,0.004003509012090531,0.0,0.49993013452609303,0.0
-0.0024705580205207694,0.0,0.9999969481668768,0.0,1.0,0.0,-0.9999969481668768,0.0,-0.0024705580205207694,0.005211107705232907,0.0,0.4999075684394175,0.0
-0.0031160346107962722,0.0,0.9999951451523674,0.0,1.0,0.0,-0.9999951451523674,0.0,-0.0031160346107962722,0.006572565935880651,0.0,0.49988129778821333,0.0
-0.0038336648455718075,0.0,0.9999926514799256,0.0,1.0,0.0,-0.9999926514799256,0.0,-0.0038336648455718075,0.008086195733337076,0.0,0.49985105881708825,0.0
-0.004622650520453127,0.0,0.9999893154940035,0.0,1.0,0.0,-0.9999893154940035,0.0,-0.004622650520453127,0.009750308145013266,0.0,0.49981655941854636,0.0
-0.005482193138161795,0.0,0.9999849726662876,0.0,1.0,0.0,-0.9999849726662876,0.0,-0.005482193138161795,0.011563213152461515,0.0,0.4997774803424179,0.0
-0.006411493856374612,0.0,0.9999794461620347,0.0,1.0,0.0,-0.9999794461620347,0.0,-0.006411493856374612,0.013523219581064453,0.0,0.49973347639226307,0.0
-0.007409753433044826,0.0,0.9999725474002081,0.0,1.0,0.0,-0.9999725474002081,0.0,-0.007409753433044826,0.015628635004196634,0.0,0.4996841776087854,0.0
-0.00847617216957946,0.0,0.9999640766074308,0.0,1.0,0.0,-0.9999640766074308,0.0,-0.00847617216957946,0.017877765642648716,0.0,0.4996291904402776,0.0
-0.009609949852234716,0.0,0.999953823365778,0.0,1.0,0.0,-0.999953823365778,0.0,-0.009609949852234716,0.020268916260078637,0.0,0.49956809890013504,0.0
-0.01081028569207935,0.0,0.9999415671544291,0.0,1.0,0.0,-0.9999415671544291,0.0,-0.01081028569207935,0.02280039005522831,0.0,0.49950046571146645,0.0
-0.012076378263863726,0.0,0.9999270778851966,0.0,1.0,0.0,-0.9999270778851966,0.0,-0.012076378263863726,0.025470488551619038,0.0,0.4994258334388272,0.0
-0.013407425444120543,0.0,0.9999101164319523,0.0,1.0,0.0,-0.9999101164319523,0.0,-0.013407425444120543,0.02827751148541374,0.0,0.4993437256071058,0.0
-0.014802624348811333,0.0,0.9998904351539663,0.0,1.0,0.0,-0.9998904351539663,0.0,-0.014802624348811333,0.03121975669210926,0.0,0.49925364780758913,0.0
-0.016261171270821315,0.0,0.9998677784131765,0.0,1.0,0.0,-0.9998677784131765,0.0,-0.016261171270821315,0.03429551999269753,0.0,0.49915508879122666,0.0
-0.017782261617593813,0.0,0.9998418830854023,0.0,1.0,0.0,-0.9998418830854023,0.0,-0.017782261617593813,0.03750309507991026,0.0,0.4990475215491182,0.0
-0.019365089849183902,0.0,0.9998124790655161,0.0,1.0,0.0,-0.9998124790655161,0.0,-0.019365089849183902,0.04084077340513775,0.0,0.4989304043802425,0.0
-0.02100884941700001,0.0,0.9997792897665834,0.0,1.0,0.0,-0.9997792897665834,0.0,-0.02100884941700001,0.04430684406658868,0.0,0.4988031819464392,0.0
-0.0227127327034911,0.0,0.9997420326129836,0.0,1.0,0.0,-0.9997420326129836,0.0,-0.0227127327034911,0.04789959369923516,0.0,0.49866528631465973,0.0
-0.024475930963026048,0.0,0.9997004195275169,0.0,1.0,0.0,-0.9997004195275169,0.0,-0.024475930963026048,0.05161730636706296,0.0,0.49851613798649413,0.0
-0.02629763426420125,0.0,0.9996541574125055,0.0,1.0,0.0,-0.9996541574125055,0.0,-0.02629763426420125,0.05545826345812547,0.0,0.49835514691497795,0.0
-0.02817703143380171,0.0,0.9996029486248921,0.0,1.0,0.0,-0.9996029486248921,0.0,-0.02817703143380171,0.05942074358287627,0.0,0.49818171350868085,0.0
-0.030113310002630487,0.0,0.9995464914453381,0.0,1.0,0.0,-0.9995464914453381,0.0,-0.030113310002630487,0.06350302247623406,0.0,0.49799522962307413,0.0
-0.032105656153410864,0.0,0.9994844805413233,0.0,1.0,0.0,-0.9994844805413233,0.0,-0.032105656153410864,0.06770337290381066,0.0,0.4977950795391717,0.0
-0.034153254670955605,0.0,0.9994166074242417,0.0,1.0,0.0,-0.9994166074242417,0.0,-0.034153254670955605,0.07202006457271205,0.0,0.4975806409294296,0.0
-0.03625528889478729,0.0,0.999342560900493,0.0,1.0,0.0,-0.999342560900493,0.0,-0.03625528889478729,0.07645136404730071,0.0,0.4973512858108949,0.0
-0.03841094067438391,0.0,0.9992620275165613,0.0,1.0,0.0,-0.9992620275165613,0.0,-0.03841094067438391,0.08099553467028603,0.0,0.4971063814855786,0.0
-0.04061939032721407,0.0,0.9991746919980737,0.0,1.0,0.0,-0.9991746919980737,0.0,-0.04061939032721407,0.08565083648948937,0.0,0.4968452914680352,0.0
-0.04287981659971623,0.0,0.9990802376828273,0.0,1.0,0.0,-0.9990802376828273,0.0,-0.04287981659971623,0.09041552619060936,0.0,0.49656737640011633,0.0
-0.0451913966313672,0.0,0.9989783469477737,0.0,1.0,0.0,-0.9989783469477737,0.0,-0.0451913966313672,0.09528785703629268,0.0,0.4962719949528712,0.0
-0.04755330592197514,0.0,0.9988687016299445,0.0,1.0,0.0,-0.9988687016299445,0.0,-0.04755330592197514,0.10026607881179594,0.0,0.49595850471555425,0.0
-0.04996471830232324,0.0,0.9987509834413028,0.0,1.0,0.0,-0.9987509834413028,0.0,-0.04996471830232324,0.10534843777750354,0.0,0.49562626307170426,0.0
-0.05242480590828131,0.0,0.9986248743775007,0.0,1.0,0.0,-0.9986248743775007,0.0,-0.05242480590828131,0.11053317662854835,0.0,0.4952746280622488,0.0
-0.05493273915849265,0.0,0.9984900571205229,0.0,1.0,0.0,-0.9984900571205229,0.0,-0.05493273915849265,0.1158185344617612,0.0,0.4949029592355874,0.0
-0.057487686735735434,0.0,0.9983462154351935,0.0,1.0,0.0,-0.9983462154351935,0.0,-0.057487686735735434,0.12120274675015737,0.0,0.49451061848460365,0.0
-0.06008881557204844,0.0,0.9981930345595227,0.0,1.0,0.0,-0.9981930345595227,0.0,-0.06008881557204844,0.12668404532514896,0.0,0.49409697087054993,0.0
-0.06273529083770232,0.0,0.9980302015888642,0.0,1.0,0.0,-0.9980302015888642,0.0,-0.06273529083770232,0.13226065836665318,0.0,0.4936613854337468,0.0
-0.06542627593408916,0.0,0.9978574058538606,0.0,1.0,0.0,-0.9978574058538606,0.0,-0.06542627593408916,0.13793081040124977,0.0,0.49320323599103894,0.0
-0.06816093249059481,0.0,0.9976743392921422,0.0,1.0,0.0,-0.9976743392921422,0.0,-0.06816093249059481,0.1436927223085212,0.0,0.49272190191993953,0.0
-0.07093842036550886,0.0,0.9974806968137511,0.0,1.0,0.0,-0.9974806968137511,0.0,-0.07093842036550886,0.1495446113356923,0.0,0.49221676892939675,0.0
-0.07375789765102114,0.0,0.9972761766602577,0.0,1.0,0.0,-0.9972761766602577,0.0,-0.07375789765102114,0.15548469112066887,0.0,0.4916872298171142,0.0
-0.07661852068234333,0.0,0.9970604807575363,0.0,1.0,0.0,-0.9970604807575363,0.0,-0.07661852068234333,0.1615111717235578,0.0,0.49113268521335185,0.0
-0.07951944405098706,0.0,0.9968333150621632,0.0,1.0,0.0,-0.9968333150621632,0.0,-0.07951944405098706,0.16762225966673205,0.0,0.49055254431113127,0.0
-0.08245982062222303,0.0,0.9965943899014036,0.0,1.0,0.0,-0.9965943899014036,0.0,-0.08245982062222303,0.17381615798349187,0.0,0.48994622558277073,0.0
-0.08543880155673612,0.0,0.9963434203067478,0.0,1.0,0.0,-0.9963434203067478,0.0,-0.08543880155673612,0.18009106627535207,0.0,0.48931315748266907,0.0
-0.0884555363364854,0.0,0.996080126340961,0.0,1.0,0.0,-0.996080126340961,0.0,-0.0884555363364854,0.18644518077797292,0.0,0.4886527791362593,0.0
-0.09150917279476928,0.0,0.9958042334186058,0.0,1.0,0.0,-0.9958042334186058,0.0,-0.09150917279476928,0.19287669443573435,0.0,0.48796454101505,0.0
-0.09459885715049024,0.0,0.9955154726199996,0.0,1.0,0.0,-0.9955154726199996,0.0,-0.09459885715049024,0.19938379698493905,0.0,0.48724790559767034,0.0
-0.09772373404660427,0.0,0.9952135809985656,0.0,1.0,0.0,-0.9952135809985656,0.0,-0.09772373404660427,0.20596467504561364,0.0,0.4865023480168359,0.0
-0.10088294659273515,0.0,0.9948983018815377,0.0,1.0,0.0,-0.9948983018815377,0.0,-0.10088294659273515,0.21261751222186231,0.0,0.4857273566921504,0.0
-0.1040756364119254,0.0,0.9945693851639777,0.0,1.0,0.0,-0.9945693851639777,0.0,-0.1040756364119254,0.21934048921071456,0.0,0.4849224339486563,0.0
-0.10730094369148942,0.0,0.994226587596065,0.0,1.0,0.0,-0.994226587596065,0.0,-0.10730094369148942,0.2261317839193904,0.0,0.4840870966210525,0.0
-0.11055800723792754,0.0,0.9938696730636157,0.0,1.0,0.0,-0.9938696730636157,0.0,-0.11055800723792754,0.23298957159089634,0.0,0.48322087664349034,0.0
-0.11384596453585379,0.0,0.9934984128617927,0.0,1.0,0.0,-0.9934984128617927,0.0,-0.11384596453585379,0.23991202493785088,0.0,0.4823233216248649,0.0
-0.11716395181088217,0.0,0.993112585961963,0.0,1.0,0.0,-0.993112585961963,0.0,-0.11716395181088217,0.24689731428442035,0.0,0.48139399540951633,0.0
-0.12051110409641246,0.0,0.9927119792716634,0.0,1.0,0.0,-0.9927119792716634,0.0,-0.12051110409641246,0.253943607716241,0.0,0.4804324786232583,0.0
-0.12388655530424766,0.0,0.9922963878876349,0.0,1.0,0.0,-0.9922963878876349,0.0,-0.12388655530424766,0.26104907123818205,0.0,0.47943836920465,0.0
-0.1272894382989719,0.0,0.991865615341883,0.0,1.0,0.0,-0.991865615341883,0.0,-0.1272894382989719,0.26821186893979726,0.0,0.47841128292143187,0.0
-0.13071888497600992,0.0,0.9914194738407294,0.0,1.0,0.0,-0.9914194738407294,0.0,-0.13071888497600992,0.275430163168299,0.0,0.4773508538720437,0.0
-0.13417402634328382,0.0,0.9909577844968128,0.0,1.0,0.0,-0.9909577844968128,0.0,-0.13417402634328382,0.28270211470887446,0.0,0.47625673497215004,0.0
-0.1376539926063794,0.0,0.9904803775540043,0.0,1.0,0.0,-0.9904803775540043,0.0,-0.1376539926063794,0.29002588297215776,0.0,0.47512859842609423,0.0
-0.14115791325712462,0.0,0.9899870926051986,0.0,1.0,0.0,-0.9899870926051986,0.0,-0.14115791325712462,0.29739962618865196,0.0,0.47396613618320915,0.0
-0.14468491716548307,0.0,0.9894777788029488,0.0,1.0,0.0,-0.9894777788029488,0.0,-0.14468491716548307,0.3048215016098941,0.0,0.4727690603789159,0.0
-0.1482341326746555,0.0,0.9889522950629078,0.0,1.0,0.0,-0.9889522950629078,0.0,-0.1482341326746555,0.3122896657161364,0.0,0.47153710376053704,0.0
-0.15180468769928018,0.0,0.9884105102600458,0.0,1.0,0.0,-0.9884105102600458,0.0,-0.15180468769928018,0.31980227443031295,0.0,0.4702700200977666,0.0
-0.15539570982661777,0.0,0.9878523034176119,0.0,1.0,0.0,-0.9878523034176119,0.0,-0.15539570982661777,0.32735748333804926,0.0,0.46896758457772914,0.0
-0.1590063264206008,0.0,0.987277563888811,0.0,1.0,0.0,-0.987277563888811,0.0,-0.1590063264206008,0.3349534479134596,0.0,0.4676295941845742,0.0
-0.16263566472862473,0.0,0.9866861915311668,0.0,1.0,0.0,-0.9866861915311668,0.0,-0.16263566472862473,0.3425883237504741,0.0,0.4662558680635468,0.0
-0.16628285199095283,0.0,0.9860780968735463,0.0,1.0,0.0,-0.9860780968735463,0.0,-0.16628285199095283,0.3502602667994229,0.0,0.46484624786949036,0.0
-0.16994701555260253,0.0,0.9854532012758208,0.0,1.0,0.0,-0.9854532012758208,0.0,-0.16994701555260253,0.3579674336085981,0.0,0.46340059809972745,0.0
-0.17362728297757737,0.0,0.984811437081142,0.0,1.0,0.0,-0.984811437081142,0.0,-0.17362728297757737,0.3657079815705073,0.0,0.4619188064112851,0.0
-0.17732278216530584,0.0,0.9841527477608115,0.0,1.0,0.0,-0.9841527477608115,0.0,-0.17732278216530584,0.3734800691725229,0.0,0.46040078392241796,0.0
-0.18103264146914286,0.0,0.9834770880517272,0.0,1.0,0.0,-0.9834770880517272,0.0,-0.18103264146914286,0.38128185625162564,0.0,0.4588464654984037,0.0
-0.18475598981678865,0.0,0.9827844240863908,0.0,1.0,0.0,-0.9827844240863908,0.0,-0.18475598981678865,0.3891115042529311,0.0,0.45725581002157956,0.0
-0.18849195683247297,0.0,0.9820747335154617,0.0,1.0,0.0,-0.9820747335154617,0.0,-0.18849195683247297,0.3969671764916836,0.0,0.4556288006455952,0.0
-0.19223967296075575,0.0,0.9813480056228482,0.0,1.0,0.0,-0.9813480056228482,0.0,-0.19223967296075575,0.4048470384183972,0.0,0.4539654450338688,0.0
-0.19599826959178399,0.0,0.9806042414333248,0.0,1.0,0.0,-0.9806042414333248,0.0,-0.19599826959178399,0.41274925788680966,0.0,0.45226577558222736,0.0
-0.19976687918784977,0.0,0.9798434538126726,0.0,1.0,0.0,-0.9798434538126726,0.0,-0.19976687918784977,0.4206720054243202,0.0,0.45052984962572984,0.0
-0.20354463541108725,0.0,0.9790656675603366,0.0,1.0,0.0,-0.9790656675603366,0.0,-0.20354463541108725,0.4286134545045694,0.0,0.4487577496296675,0.0
-0.20733067325214494,0.0,0.9782709194946011,0.0,1.0,0.0,-0.9782709194946011,0.0,-0.20733067325214494,0.4365717818218159,0.0,0.44694958336474705,0.0
-0.21112412915966913,0.0,0.9774592585302834,0.0,1.0,0.0,-0.9774592585302834,0.0,-0.21112412915966913,0.4445451675667634,0.0,0.4451054840664658,0.0
-0.2149241411704295,0.0,0.9766307457489516,0.0,1.0,0.0,-0.9766307457489516,0.0,-0.2149241411704295,0.4525317957034821,0.0,0.4432256105786943,0.0
-0.218729849039919,0.0,0.9757854544616733,0.0,1.0,0.0,-0.9757854544616733,0.0,-0.218729849039919,0.4605298542470712,0.0,0.4413101474814877,0.0
-0.22254039437325548,0.0,0.9749234702643054,0.0,1.0,0.0,-0.9749234702643054,0.0,-0.22254039437325548,0.4685375355416971,0.0,0.43935930520315397,0.0
-0.22635492075621466,0.0,0.9740448910853379,0.0,1.0,0.0,-0.9740448910853379,0.0,-0.22635492075621466,0.4765530365386502,0.0,0.4373733201166112,0.0
-0.23017257388621948,0.0,0.9731498272263078,0.0,1.0,0.0,-0.9731498272263078,0.0,-0.23017257388621948,0.4845745590740514,0.0,0.435352454620074,0.0
-0.2339925017031108,0.0,0.9722384013948018,0.0,1.0,0.0,-0.9722384013948018,0.0,-0.2339925017031108,0.49260031014583827,0.0,0.43329699720211495,0.0
-0.23781385451952522,0.0,0.9713107487300684,0.0,1.0,0.0,-0.9713107487300684,0.0,-0.23781385451952522,0.5006285021896663,0.0,0.43120726249115193,0.0
-0.24163578515070183,0.0,0.9703670168212664,0.0,1.0,0.0,-0.9703670168212664,0.0,-0.24163578515070183,0.5086573533533493,0.0,0.4290835912894202,0.0
-0.24545744904354172,0.0,0.9694073657183739,0.0,1.0,0.0,-0.9694073657183739,0.0,-0.24545744904354172,0.5166850877694669,0.0,0.4269263505914924,0.0
-0.24927800440474418,0.0,0.9684319679357907,0.0,1.0,0.0,-0.9684319679357907,0.0,-0.24927800440474418,0.5247099358257717,0.0,0.42473593358741546,0.0
-0.25309661232783826,0.0,0.9674410084486661,0.0,1.0,0.0,-0.9674410084486661,0.0,-0.25309661232783826,0.5327301344330131,0.0,0.4225127596505449,0.0
-0.25691243691893606,0.0,0.966434684681988,0.0,1.0,0.0,-0.966434684681988,0.0,-0.25691243691893606,0.5407439272898102,0.0,0.42025727431015136,0.0
-0.2607246454210281,0.0,0.9654132064924734,0.0,1.0,0.0,-0.9654132064924734,0.0,-0.2607246454210281,0.5487495651442036,0.0,0.4179699492088962,0.0
-0.26453240833664315,0.0,0.9643767961432997,0.0,1.0,0.0,-0.9643767961432997,0.0,-0.26453240833664315,0.5567453060515033,0.0,0.4156512820452619,0.0
-0.26833489954869744,0.0,0.9633256882717238,0.0,1.0,0.0,-0.9633256882717238,0.0,-0.26833489954869744,0.5647294156280738,0.0,0.41330179650104354,0.0
-0.2721312964393552,0.0,0.9622601298496347,0.0,1.0,0.0,-0.9622601298496347,0.0,-0.2721312964393552,0.5727001673006752,0.0,0.4109220421540043,0.0
-0.2759207800067266,0.0,0.9611803801370893,0.0,1.0,0.0,-0.9611803801370893,0.0,-0.2759207800067266,0.5806558425510013,0.0,0.4085125943758052,0.0
-0.2797025349792285,0.0,0.9600867106288856,0.0,1.0,0.0,-0.9600867106288856,0.0,-0.2797025349792285,0.5885947311550431,0.0,0.40607405421533005,0.0
-0.2834757499274332,0.0,0.9589794049942258,0.0,1.0,0.0,-0.9589794049942258,0.0,-0.2834757499274332,0.5965151314169154,0.0,0.4036070482675216,0.0
-0.28723961737323694,0.0,0.9578587590095298,0.0,1.0,0.0,-0.9578587590095298,0.0,-0.28723961737323694,0.6044153503967882,0.0,0.40111222852786355,0.0
-0.2909933338961733,0.0,0.9567250804844567,0.0,1.0,0.0,-0.9567250804844567,0.0,-0.2909933338961733,0.6122937041325635,0.0,0.398590272232636,0.0
-0.2947361002367057,0.0,0.955578689181199,0.0,1.0,0.0,-0.955578689181199,0.0,-0.2947361002367057,0.6201485178549426,0.0,0.3960418816850838,0.0
-0.2984671213963313,0.0,0.9544199167271121,0.0,1.0,0.0,-0.9544199167271121,0.0,-0.2984671213963313,0.6279781261955371,0.0,0.39346778406764027,0.0
-0.30218560673433065,0.0,0.953249106520748,0.0,1.0,0.0,-0.953249106520748,0.0,-0.30218560673433065,0.6357808733876746,0.0,0.3908687312403535,0.0
-0.30589077006100107,0.0,0.9520666136313612,0.0,1.0,0.0,-0.9520666136313612,0.0,-0.30589077006100107,0.6435551134595606,0.0,0.38824549952566645,0.0
-0.3095818297272121,0.0,0.9508728046919586,0.0,1.0,0.0,-0.9508728046919586,0.0,-0.3095818297272121,0.651299210419457,0.0,0.38559888947970683,0.0
-0.3132580087101249,0.0,0.9496680577859652,0.0,1.0,0.0,-0.9496680577859652,0.0,-0.3132580087101249,0.6590115384325486,0.0,0.38292972565024486,0.0
-0.3169185346949213,0.0,0.9484527623275837,0.0,1.0,0.0,-0.9484527623275837,0.0,-0.3169185346949213,0.6666904819891706,0.0,0.3802388563214869,0.0
-0.3205626401523862,0.0,0.9472273189359204,0.0,1.0,0.0,-0.9472273189359204,0.0,-0.3205626401523862,0.6743344360640745,0.0,0.37752715324586605,0.0
-0.32418956241219693,0.0,0.9459921393029587,0.0,1.0,0.0,-0.9459921393029587,0.0,-0.32418956241219693,0.6819418062664239,0.0,0.37479551136300415,0.0
-0.32779854373176925,0.0,0.9447476460554592,0.0,1.0,0.0,-0.9447476460554592,0.0,-0.32779854373176925,0.6895110089802059,0.0,0.3720448485060174,0.0
-0.3313888313605172,0.0,0.9434942726108678,0.0,1.0,0.0,-0.9434942726108678,0.0,-0.3313888313605172,0.6970404714947612,0.0,0.3692761050953421,0.0
-0.3349596775993854,0.0,0.9422324630273125,0.0,1.0,0.0,-0.9422324630273125,0.0,-0.3349596775993854,0.7045286321251351,0.0,0.3664902438202581,0.0
-0.3385103398555165,0.0,0.9409626718477746,0.0,1.0,0.0,-0.9409626718477746,0.0,-0.3385103398555165,0.7119739403219656,0.0,0.36368824930829147,0.0
-0.3420400806919193,0.0,0.9396853639385182,0.0,1.0,0.0,-0.9396853639385182,0.0,-0.3420400806919193,0.7193748567706257,0.0,0.36087112778268005,0.0
-0.3455481678720073,0.0,0.9384010143218617,0.0,1.0,0.0,-0.9384010143218617,0.0,-0.3455481678720073,0.7267298534793484,0.0,0.3580399067080845,0.0
-0.3490338743988799,0.0,0.9371101080033802,0.0,1.0,0.0,-0.9371101080033802,0.0,-0.3490338743988799,0.7340374138560699,0.0,0.355195634424734,0.0
-0.3524964785492254,0.0,0.9358131397936211,0.0,1.0,0.0,-0.9358131397936211,0.0,-0.3524964785492254,0.7412960327737357,0.0,0.35233937977118635,0.0
-0.35593526390172425,0.0,0.9345106141244249,0.0,1.0,0.0,-0.9345106141244249,0.0,-0.35593526390172425,0.7485042166238192,0.0,0.3494722316958999,0.0
-0.3593495193598396,0.0,0.9332030448599341,0.0,1.0,0.0,-0.9332030448599341,0.0,-0.3593495193598396,0.7556604833578154,0.0,0.34659529885779594,0.0
-0.3627385391688829,0.0,0.9318909551023794,0.0,1.0,0.0,-0.9318909551023794,0.0,-0.3627385391688829,0.7627633625164788,0.0,0.34370970921600486,0.0
-0.3661016229272491,0.0,0.9305748769927299,0.0,1.0,0.0,-0.9305748769927299,0.0,-0.3661016229272491,0.7698113952465833,0.0,0.34081660960898075,0.0
-0.36943807559171865,0.0,0.9292553515062948,0.0,1.0,0.0,-0.9292553515062948,0.0,-0.36943807559171865,0.7768031343049892,0.0,0.3379171653231743,0.0
-0.372747207476729,0.0,0.9279329282433619,0.0,1.0,0.0,-0.9279329282433619,0.0,-0.372747207476729,0.7837371440498215,0.0,0.3350125596514464,0.0
-0.37602833424752197,0.0,0.9266081652149596,0.0,1.0,0.0,-0.9266081652149596,0.0,-0.37602833424752197,0.7906120004185574,0.0,0.3321039934414085,0.0
-0.37928077690707984,0.0,0.9252816286238271,0.0,1.0,0.0,-0.9252816286238271,0.0,-0.37928077690707984,0.7974262908928464,0.0,0.3291926846338724,0.0
-0.3825038617767639,0.0,0.9239538926406784,0.0,1.0,0.0,-0.9239538926406784,0.0,-0.3825038617767639,0.8041786144498827,0.0,0.3262798677915911,0.0
-0.38569692047057974,0.0,0.922625539175841,0.0,1.0,0.0,-0.922625539175841,0.0,-0.38569692047057974,0.810867581500174,0.0,0.3233667936184671,0.0
-0.38885928986299295,0.0,0.9212971576463529,0.0,1.0,0.0,-0.9212971576463529,0.0,-0.38885928986299295,0.8174918138115476,0.0,0.3204547284694028,0.0
-0.39199031205022744,0.0,0.9199693447385979,0.0,1.0,0.0,-0.9199693447385979,0.0,-0.39199031205022744,0.8240499444192527,0.0,0.31754495385096915,0.0
-0.39508933430498155,0.0,0.9186427041665581,0.0,1.0,0.0,-0.9186427041665581,0.0,-0.39508933430498155,0.8305406175220295,0.0,0.3146387659130565,0.0
-0.3981557090245044,0.0,0.91731784642576,0.0,1.0,0.0,-0.91731784642576,0.0,-0.3981557090245044,0.8369624883640177,0.0,0.3117374749316743,0.0
-0.4011887936719785,0.0,0.9159953885429897,0.0,1.0,0.0,-0.9159953885429897,0.0,-0.4011887936719785,0.8433142231024038,0.0,0.3088424047830595,0.0
-0.4041879507111588,0.0,0.9146759538218515,0.0,1.0,0.0,-0.9146759538218515,0.0,-0.4041879507111588,0.8495944986606964,0.0,0.30595489240925067,0.0
-0.4071525475342284,0.0,0.9133601715842375,0.0,1.0,0.0,-0.9133601715842375,0.0,-0.4071525475342284,0.8558020025675513,0.0,0.30307628727527436,0.0
-0.410081956382831,0.0,0.9120486769077788,0.0,1.0,0.0,-0.9120486769077788,0.0,-0.410081956382831,0.8619354327810642,0.0,0.3002079508180928,0.0
-0.412975554262249,0.0,0.9107421103593422,0.0,1.0,0.0,-0.9107421103593422,0.0,-0.412975554262249,0.867993497498468,0.0,0.29735125588744893,0.0
-0.4158327228486999,0.0,0.9094411177246366,0.0,1.0,0.0,-0.9094411177246366,0.0,-0.4158327228486999,0.8739749149511797,0.0,0.2945075861787444,0.0
-0.41865284838973266,0.0,0.9081463497339861,0.0,1.0,0.0,-0.9081463497339861,0.0,-0.41865284838973266,0.8798784131851578,0.0,0.29167833565807155,0.0
-0.42143532159770636,0.0,0.9068584617843282,0.0,1.0,0.0,-0.9068584617843282,0.0,-0.42143532159770636,0.8857027298265374,0.0,0.28886490797952646,0.0
-0.4241795375363427,0.0,0.9055781136574881,0.0,1.0,0.0,-0.9055781136574881,0.0,-0.4241795375363427,0.8914466118325263,0.0,0.28606871589490485,0.0
-0.4268848955003484,0.0,0.9043059692347809,0.0,1.0,0.0,-0.9043059692347809,0.0,-0.4268848955003484,0.8971088152275557,0.0,0.2832911806558952,0.0
-0.42955079888811115,0.0,0.9030426962079842,0.0,1.0,0.0,-0.9030426962079842,0.0,-0.42955079888811115,0.9026881048246931,0.0,0.2805337314088568,0.0
-0.43217665506747505,0.0,0.9017889657867236,0.0,1.0,0.0,-0.9017889657867236,0.0,-0.43217665506747505,0.9081832539323348,0.0,0.27779780458227255,0.0
-0.43476187523461174,0.0,0.9005454524023115,0.0,1.0,0.0,-0.9005454524023115,0.0,-0.43476187523461174,0.9135930440462096,0.0,0.2750848432669597,0.0
-0.4373058742660052,0.0,0.8993128334080666,0.0,1.0,0.0,-0.8993128334080666,0.0,-0.4373058742660052,0.918916264526735,0.0,0.2723962965890988,0.0
-0.43980807056357973,0.0,0.898091788776148,0.0,1.0,0.0,-0.898091788776148,0.0,-0.43980807056357973,0.92415171226179,0.0,0.26973361907614857,0.0
-0.4422678858929985,0.0,0.8968830007909269,0.0,1.0,0.0,-0.8968830007909269,0.0,-0.4422678858929985,0.9292981913149597,0.0,0.2670982700156933,0.0
-0.4446847452151766,0.0,0.8956871537389121,0.0,1.0,0.0,-0.8956871537389121,0.0,-0.4446847452151766,0.9343545125593496,0.0,0.2644917128072619,0.0
-0.4470580765110492,0.0,0.8945049335952491,0.0,1.0,0.0,-0.8945049335952491,0.0,-0.4470580765110492,0.9393194932970511,0.0,0.26191541430714926,0.0
-0.4493873105996479,0.0,0.8933370277067976,0.0,1.0,0.0,-0.8933370277067976,0.0,-0.4493873105996479,0.9441919568643741,0.0,0.25937084416625616,0.0
-0.45167188094954236,0.0,0.8921841244717944,0.0,1.0,0.0,-0.8921841244717944,0.0,-0.45167188094954236,0.948970732222966,0.0,0.25685947416095734,0.0
-0.45391122348371016,0.0,0.8910469130161001,0.0,1.0,0.0,-0.8910469130161001,0.0,-0.45391122348371016,0.9536546535369493,0.0,0.2543827775169913,0.0
-0.45610477637790603,0.0,0.8899260828660212,0.0,1.0,0.0,-0.8899260828660212,0.0,-0.45610477637790603,0.958242559736228,0.0,0.2519422282263545,0.0
-0.4582519798526086,0.0,0.8888223236176983,0.0,1.0,0.0,-0.8888223236176983,0.0,-0.4582519798526086,0.962733294066127,0.0,0.24953930035717398,0.0
-0.4603522759586242,0.0,0.8877363246030404,0.0,1.0,0.0,-0.8877363246030404,0.0,-0.4603522759586242,0.967125703623533,0.0,0.2471754673565168,0.0
-0.4624051083564415,0.0,0.8866687745521817,0.0,1.0,0.0,-0.8866687745521817,0.0,-0.4624051083564415,0.9714186388797328,0.0,0.24485220134608116,0.0
-0.4644099220894333,0.0,0.885620361252431,0.0,1.0,0.0,-0.885620361252431,0.0,-0.4644099220894333,0.9756109531901505,0.0,0.24257097241070336,0.0
-0.466366163351007,0.0,0.8845917712036789,0.0,1.0,0.0,-0.8845917712036789,0.0,-0.466366163351007,0.9797015022911951,0.0,0.24033324787960447,0.0
-0.4682732792458167,0.0,0.8835836892702181,0.0,1.0,0.0,-0.8835836892702181,0.0,-0.4682732792458167,0.983689143784463,0.0,0.238140491600277,0.0
-0.47013071754515356,0.0,0.8825967983289307,0.0,1.0,0.0,-0.8825967983289307,0.0,-0.47013071754515356,0.9875727366085283,0.0,0.23599416320491085,0.0
-0.4719379264366395,0.0,0.881631778913785,0.0,1.0,0.0,-0.881631778913785,0.0,-0.4719379264366395,0.9913511404985913,0.0,0.23389571736923426,0.0
-0.47369435426835493,0.0,0.8806893088565833,0.0,1.0,0.0,-0.8806893088565833,0.0,-0.47369435426835493,0.995023215434256,0.0,0.2318466030636393,0.0
-0.4753994492875407,0.0,0.8797700629238887,0.0,1.0,0.0,-0.8797700629238887,0.0,-0.4753994492875407,0.9985878210757286,0.0,0.22984826279643739,0.0
-0.4770526593740223,0.0,0.8788747124500585,0.0,1.0,0.0,-0.8788747124500585,0.0,-0.4770526593740223,1.0020438161887504,0.0,0.22790213184908503,0.0
-0.4786534317685036,0.0,0.8780039249663035,0.0,1.0,0.0,-0.8780039249663035,0.0,-0.4786534317685036,1.0053900580585664,0.0,0.22600963750320713,0.0
-0.4802012127959027,0.0,0.8771583638256801,0.0,1.0,0.0,-0.8771583638256801,0.0,-0.4802012127959027,1.0086254018932999,0.0,0.22417219825921253,0.0
-0.48169544758388755,0.0,0.8763386878239248,0.0,1.0,0.0,-0.8763386878239248,0.0,-0.48169544758388755,1.011748700217053,0.0,0.22239122304630643,0.0
-0.4831355797767964,0.0,0.8755455508160263,0.0,1.0,0.0,-0.8755455508160263,0.0,-0.4831355797767964,1.0147588022531244,0.0,0.2206681104236749,0.0
-0.48452105124512385,0.0,0.8747796013284261,0.0,1.0,0.0,-0.8747796013284261,0.0,-0.48452105124512385,1.017654553297724,0.0,0.2190042477726002,0.0
-0.485851301790767,0.0,0.8740414821667316,0.0,1.0,0.0,-0.8740414821667316,0.0,-0.485851301790767,1.0204347940845842,0.0,0.21740101047925892,0.0
-0.4871257688482341,0.0,0.8733318300188175,0.0,1.0,0.0,-0.8733318300188175,0.0,-0.4871257688482341,1.0230983601408978,0.0,0.2158597611079353,0.0
-0.48834388718202165,0.0,0.872651275053187,0.0,1.0,0.0,-0.872651275053187,0.0,-0.48834388718202165,1.0256440811350067,0.0,0.21438184856436504,0.0
-0.48950508858038183,0.0,0.8720004405124533,0.0,1.0,0.0,-0.8720004405124533,0.0,-0.48950508858038183,1.0280707802163074,0.0,0.2129686072489162,0.0
-0.49060880154570624,0.0,0.8713799423017986,0.0,1.0,0.0,-0.8713799423017986,0.0,-0.49060880154570624,1.0303772733478451,0.0,0.21162135619929018,0.0
-0.491654450981759,0.0,0.8707903885722587,0.0,1.0,0.0,-0.8707903885722587,0.0,-0.491654450981759,1.0325623686320804,0.0,0.21034139822242037,0.0
-0.4926414578780089,0.0,0.8702323792986733,0.0,1.0,0.0,-0.8702323792986733,0.0,-0.4926414578780089,1.0346248656303512,0.0,0.20913001901521944,0.0
-0.493569238991308,0.0,0.8697065058521416,0.0,1.0,0.0,-0.8697065058521416,0.0,-0.493569238991308,1.0365635546765501,0.0,0.2079884862738275,0.0
-0.4944372065251889,0.0,0.8692133505668028,0.0,1.0,0.0,-0.8692133505668028,0.0,-0.4944372065251889,1.038377216185575,0.0,0.2069180487909743,0.0
-0.4952447678070425,0.0,0.8687534863007736,0.0,1.0,0.0,-0.8687534863007736,0.0,-0.4952447678070425,1.0400646199571115,0.0,0.20591993554108923,0.0
-0.4959913249634717,0.0,0.8683274759910455,0.0,1.0,0.0,-0.8683274759910455,0.0,-0.4959913249634717,1.041624524475353,0.0,0.20499535475273506,0.0
-0.4966762745941022,0.0,0.8679358722021598,0.0,1.0,0.0,-0.8679358722021598,0.0,-0.4966762745941022,1.0430556762052514,0.0,0.20414549296796963,0.0
-0.49729900744416256,0.0,0.8675792166684554,0.0,1.0,0.0,-0.8675792166684554,0.0,-0.49729900744416256,1.0443568088859503,0.0,0.2033715140881931,0.0
-0.49785890807614375,0.0,0.8672580398296864,0.0,1.0,0.0,-0.8672580398296864,0.0,-0.49785890807614375,1.0455266428220418,0.0,0.20267455840604365,0.0
-0.49835535454086305,0.0,0.8669728603597985,0.0,1.0,0.0,-0.8669728603597985,0.0,-0.49835535454086305,1.046563884173331,0.0,0.20205574162288137,0.0
-0.49878771804826727,0.0,0.8667241846886484,0.0,1.0,0.0,-0.8667241846886484,0.0,-0.49878771804826727,1.0474672242438043,0.0,0.20151615385139787,0.0
-0.49915536263832416,0.0,0.8665125065164397,0.0,1.0,0.0,-0.8665125065164397,0.0,-0.49915536263832416,1.0482353387705328,0.0,0.201056858602857,0.0
-0.49945764485236316,0.0,0.866338306320649,0.0,1.0,0.0,-0.866338306320649,0.0,-0.49945764485236316,1.0488668872132563,0.0,0.20067889175848186,0.0
-0.4996939134052278,0.0,0.8662020508552082,0.0,1.0,0.0,-0.8662020508552082,0.0,-0.4996939134052278,1.049360512045416,0.0,0.20038326052447858,0.0
-0.499863508858633,0.0,0.8661041926417025,0.0,1.0,0.0,-0.8661041926417025,0.0,-0.499863508858633,1.0497148380474475,0.0,0.2001709423701752,0.0
-0.4999657632961177,0.0,0.8660451694523389,0.0,1.0,0.0,-0.8660451694523389,0.0,-0.4999657632961177,1.0499284716031527,0.0,0.20004288394874814,0.0
-0.4999999999999998,0.0,0.8660254037844388,0.0,1.0,0.0,-0.8660254037844388,0.0,-0.4999999999999998,1.0500000000000003,0.0,0.2,0.0
-0.4999999999999998,0.0,0.8660254037844388,0.0,1.0,0.0,-0.8660254037844388,0.0,-0.4999999999999998,1.0500000000000003,0.0,0.2,0.0
-0.4999999999999998,0.0,0.8660254037844388,0.0,1.0,0.0,-0.8660254037844388,0.0,-0.4999999999999998,1.0500000000000003,0.0,0.19998489962501584,0.0
-0.4999999999999998,0.0,0.8660254037844388,0.0,1.0,0.0,-0.8660254037844388,0.0,-0.4999999999999998,1.0500000000000003,0.0,0.19993980153031515,0.0
-0.4999999999999998,0.0,0.8660254037844388,0.0,1.0,0.0,-0.8660254037844388,0.0,-0.4999999999999998,1.0500000000000003,0.0,0.19986501026127584,0.0
-0.4999999999999998,0.0,0.8660254037844388,0.0,1.0,0.0,-0.8660254037844388,0.0,-0.4999999999999998,1.0500000000000003,0.0,0.1997608303632757,0.0
-0.4999999999999998,0.0,0.8660254037844388,0.0,1.0,0.0,-0.8660254037844388,0.0,-0.4999999999999998,1.0500000000000003,0.0,0.19962756638169257,0.0
-0.4999999999999998,0.0,0.8660254037844388,0.0,1.0,0.0,-0.8660254037844388,0.0,-0.4999999999999998,1.0500000000000003,0.0,0.19946552286190428,0.0
-0.4999999999999998,0.0,0.8660254037844388,0.0,1.0,0.0,-0.8660254037844388,0.0,-0.4999999999999998,1.0500000000000003,0.0,0.1992750043492887,0.0
-0.4999999999999998,0.0,0.8660254037844388,0.0,1.0,0.0,-0.8660254037844388,0.0,-0.4999999999999998,1.0500000000000003,0.0,0.1990563153892236,0.0
-0.4999999999999998,0.0,0.8660254037844388,0.0,1.0,0.0,-0.8660254037844388,0.0,-0.4999999999999998,1.0500000000000003,0.0,0.19880976052708685,0.0
-0.4999999999999998,0.0,0.8660254037844388,0.0,1.0,0.0,-0.8660254037844388,0.0,-0.4999999999999998,1.0500000000000003,0.0,0.19853564430825626,0.0
-0.4999999999999998,0.0,0.8660254037844388,0.0,1.0,0.0,-0.8660254037844388,0.0,-0.4999999999999998,1.0500000000000003,0.0,0.19823427127810972,0.0
-0.4999999999999998,0.0,0.8660254037844388,0.0,1.0,0.0,-0.8660254037844388,0.0,-0.4999999999999998,1.0500000000000003,0.0,0.197905945982025,0.0
-0.4999999999999998,0.0,0.8660254037844388,0.0,1.0,0.0,-0.8660254037844388,0.0,-0.4999999999999998,1.0500000000000003,0.0,0.19755097296537993,0.0
-0.4999999999999998,0.0,0.8660254037844388,0.0,1.0,0.0,-0.8660254037844388,0.0,-0.4999999999999998,1.0500000000000003,0.0,0.1971696567735524,0.0
-0.4999999999999998,0.0,0.8660254037844388,0.0,1.0,0.0,-0.8660254037844388,0.0,-0.4999999999999998,1.0500000000000003,0.0,0.19676230195192015,0.0
-0.4999999999999998,0.0,0.8660254037844388,0.0,1.0,0.0,-0.8660254037844388,0.0,-0.4999999999999998,1.0500000000000003,0.0,0.19632921304586112,0.0
-0.4999999999999998,0.0,0.8660254037844388,0.0,1.0,0.0,-0.8660254037844388,0.0,-0.4999999999999998,1.0500000000000003,0.0,0.19587069460075307,0.0
-0.4999999999999998,0.0,0.8660254037844388,0.0,1.0,0.0,-0.8660254037844388,0.0,-0.4999999999999998,1.0500000000000003,0.0,0.19538705116197386,0.0
-0.4999999999999998,0.0,0.8660254037844388,0.0,1.0,0.0,-0.8660254037844388,0.0,-0.4999999999999998,1.0500000000000003,0.0,0.19487858727490132,0.0
-0.4999999999999998,0.0,0.8660254037844388,0.0,1.0,0.0,-0.8660254037844388,0.0,-0.4999999999999998,1.0500000000000003,0.0,0.19434560748491328,0.0
-0.4999999999999998,0.0,0.8660254037844388,0.0,1.0,0.0,-0.8660254037844388,0.0,-0.4999999999999998,1.0500000000000003,0.0,0.19378841633738755,0.0
-0.4999999999999998,0.0,0.8660254037844388,0.0,1.0,0.0,-0.8660254037844388,0.0,-0.4999999999999998,1.0500000000000003,0.0,0.193207318377702,0.0
-0.4999999999999998,0.0,0.8660254037844388,0.0,1.0,0.0,-0.8660254037844388,0.0,-0.4999999999999998,1.0500000000000003,0.0,0.19260261815123444,0.0
-0.4999999999999998,0.0,0.8660254037844388,0.0,1.0,0.0,-0.8660254037844388,0.0,-0.4999999999999998,1.0500000000000003,0.0,0.19197462020336273,0.0
-0.4999999999999998,0.0,0.8660254037844388,0.0,1.0,0.0,-0.8660254037844388,0.0,-0.4999999999999998,1.0500000000000003,0.0,0.19132362907946465,0.0
-0.4999999999999998,0.0,0.8660254037844388,0.0,1.0,0.0,-0.8660254037844388,0.0,-0.4999999999999998,1.0500000000000003,0.0,0.19064994932491808,0.0
-0.4999999999999998,0.0,0.8660254037844388,0.0,1.0,0.0,-0.8660254037844388,0.0,-0.4999999999999998,1.0500000000000003,0.0,0.1899538854851008,0.0
-0.4999999999999998,0.0,0.8660254037844388,0.0,1.0,0.0,-0.8660254037844388,0.0,-0.4999999999999998,1.0500000000000003,0.0,0.18923574210539074,0.0
-0.4999999999999998,0.0,0.8660254037844388,0.0,1.0,0.0,-0.8660254037844388,0.0,-0.4999999999999998,1.0500000000000003,0.0,0.1884958237311656,0.0
-0.4999999999999998,0.0,0.8660254037844388,0.0,1.0,0.0,-0.8660254037844388,0.0,-0.4999999999999998,1.0500000000000003,0.0,0.18773443490780334,0.0
-0.4999999999999998,0.0,0.8660254037844388,0.0,1.0,0.0,-0.8660254037844388,0.0,-0.4999999999999998,1.0500000000000003,0.0,0.1869518801806817,0.0
-0.4999999999999998,0.0,0.8660254037844388,0.0,1.0,0.0,-0.8660254037844388,0.0,-0.4999999999999998,1.0500000000000003,0.0,0.18614846409517855,0.0
-0.4999999999999998,0.0,0.8660254037844388,0.0,1.0,0.0,-0.8660254037844388,0.0,-0.4999999999999998,1.0500000000000003,0.0,0.18532449119667174,0.0
-0.4999999999999998,0.0,0.8660254037844388,0.0,1.0,0.0,-0.8660254037844388,0.0,-0.4999999999999998,1.0500000000000003,0.0,0.18448026603053905,0.0
-0.4999999999999998,0.0,0.8660254037844388,0.0,1.0,0.0,-0.8660254037844388,0.0,-0.4999999999999998,1.0500000000000003,0.0,0.18361609314215835,0.0
-0.4999999999999998,0.0,0.8660254037844388,0.0,1.0,0.0,-0.8660254037844388,0.0,-0.4999999999999998,1.0500000000000003,0.0,0.18273227707690748,0.0
-0.4999999999999998,0.0,0.8660254037844388,0.0,1.0,0.0,-0.8660254037844388,0.0,-0.4999999999999998,1.0500000000000003,0.0,0.18182912238016424,0.0
-0.4999999999999998,0.0,0.8660254037844388,0.0,1.0,0.0,-0.8660254037844388,0.0,-0.4999999999999998,1.0500000000000003,0.0,0.1809069335973065,0.0
-0.4999999999999998,0.0,0.8660254037844388,0.0,1.0,0.0,-0.8660254037844388,0.0,-0.4999999999999998,1.0500000000000003,0.0,0.17996601527371206,0.0
-0.4999999999999998,0.0,0.8660254037844388,0.0,1.0,0.0,-0.8660254037844388,0.0,-0.4999999999999998,1.0500000000000003,0.0,0.17900667195475875,0.0
-0.4999999999999998,0.0,0.8660254037844388,0.0,1.0,0.0,-0.8660254037844388,0.0,-0.4999999999999998,1.0500000000000003,0.0,0.17802920818582446,0.0
-0.4999999999999998,0.0,0.8660254037844388,0.0,1.0,0.0,-0.8660254037844388,0.0,-0.4999999999999998,1.0500000000000003,0.0,0.17703392851228694,0.0
-0.4999999999999998,0.0,0.8660254037844388,0.0,1.0,0.0,-0.8660254037844388,0.0,-0.4999999999999998,1.0500000000000003,0.0,0.17602113747952408,0.0
-0.4999999999999998,0.0,0.8660254037844388,0.0,1.0,0.0,-0.8660254037844388,0.0,-0.4999999999999998,1.0500000000000003,0.0,0.17499113963291368,0.0
-0.4999999999999998,0.0,0.8660254037844388,0.0,1.0,0.0,-0.8660254037844388,0.0,-0.4999999999999998,1.0500000000000003,0.0,0.1739442395178336,0.0
-0.4999999999999998,0.0,0.8660254037844388,0.0,1.0,0.0,-0.8660254037844388,0.0,-0.4999999999999998,1.0500000000000003,0.0,0.17288074167966164,0.0
-0.4999999999999998,0.0,0.8660254037844388,0.0,1.0,0.0,-0.8660254037844388,0.0,-0.4999999999999998,1.0500000000000003,0.0,0.17180095066377568,0.0
-0.4999999999999998,0.0,0.8660254037844388,0.0,1.0,0.0,-0.8660254037844388,0.0,-0.4999999999999998,1.0500000000000003,0.0,0.17070517101555352,0.0
-0.4999999999999998,0.0,0.8660254037844388,0.0,1.0,0.0,-0.8660254037844388,0.0,-0.4999999999999998,1.0500000000000003,0.0,0.16959370728037299,0.0
-0.4999999999999998,0.0,0.8660254037844388,0.0,1.0,0.0,-0.8660254037844388,0.0,-0.4999999999999998,1.0500000000000003,0.0,0.1684668640036119,0.0
-0.4999999999999998,0.0,0.8660254037844388,0.0,1.0,0.0,-0.8660254037844388,0.0,-0.4999999999999998,1.0500000000000003,0.0,0.16732494573064816,0.0
-0.4999999999999998,0.0,0.8660254037844388,0.0,1.0,0.0,-0.8660254037844388,0.0,-0.4999999999999998,1.0500000000000003,0.0,0.1661682570068595,0.0
-0.4999999999999998,0.0,0.8660254037844388,0.0,1.0,0.0,-0.8660254037844388,0.0,-0.4999999999999998,1.0500000000000003,0.0,0.16499710237762383,0.0
-0.4999999999999998,0.0,0.8660254037844388,0.0,1.0,0.0,-0.8660254037844388,0.0,-0.4999999999999998,1.0500000000000003,0.0,0.16381178638831895,0.0
-0.4999999999999998,0.0,0.8660254037844388,0.0,1.0,0.0,-0.8660254037844388,0.0,-0.4999999999999998,1.0500000000000003,0.0,0.16261261358432272,0.0
-0.4999999999999998,0.0,0.8660254037844388,0.0,1.0,0.0,-0.8660254037844388,0.0,-0.4999999999999998,1.0500000000000003,0.0,0.16139988851101292,0.0
-0.4999999999999998,0.0,0.8660254037844388,0.0,1.0,0.0,-0.8660254037844388,0.0,-0.4999999999999998,1.0500000000000003,0.0,0.16017391571376743,0.0
-0.4999999999999998,0.0,0.8660254037844388,0.0,1.0,0.0,-0.8660254037844388,0.0,-0.4999999999999998,1.0500000000000003,0.0,0.15893499973796407,0.0
-0.4999999999999998,0.0,0.8660254037844388,0.0,1.0,0.0,-0.8660254037844388,0.0,-0.4999999999999998,1.0500000000000003,0.0,0.15768344512898066,0.0
-0.4999999999999998,0.0,0.8660254037844388,0.0,1.0,0.0,-0.8660254037844388,0.0,-0.4999999999999998,1.0500000000000003,0.0,0.15641955643219504,0.0
-0.4999999999999998,0.0,0.8660254037844388,0.0,1.0,0.0,-0.8660254037844388,0.0,-0.4999999999999998,1.0500000000000003,0.0,0.15514363819298507,0.0
-0.4999999999999998,0.0,0.8660254037844388,0.0,1.0,0.0,-0.8660254037844388,0.0,-0.4999999999999998,1.0500000000000003,0.0,0.15385599495672853,0.0
-0.4999999999999998,0.0,0.8660254037844388,0.0,1.0,0.0,-0.8660254037844388,0.0,-0.4999999999999998,1.0500000000000003,0.0,0.15255693126880326,0.0
-0.4999999999999998,0.0,0.8660254037844388,0.0,1.0,0.0,-0.8660254037844388,0.0,-0.4999999999999998,1.0500000000000003,0.0,0.15124675167458718,0.0
-0.4999999999999998,0.0,0.8660254037844388,0.0,1.0,0.0,-0.8660254037844388,0.0,-0.4999999999999998,1.0500000000000003,0.0,0.14992576071945798,0.0
-0.4999999999999998,0.0,0.8660254037844388,0.0,1.0,0.0,-0.8660254037844388,0.0,-0.4999999999999998,1.0500000000000003,0.0,0.1485942629487936,0.0
-0.4999999999999998,0.0,0.8660254037844388,0.0,1.0,0.0,-0.8660254037844388,0.0,-0.4999999999999998,1.0500000000000003,0.0,0.14725256290797184,0.0
-0.4999999999999998,0.0,0.8660254037844388,0.0,1.0,0.0,-0.8660254037844388,0.0,-0.4999999999999998,1.0500000000000003,0.0,0.1459009651423705,0.0
-0.4999999999999998,0.0,0.8660254037844388,0.0,1.0,0.0,-0.8660254037844388,0.0,-0.4999999999999998,1.0500000000000003,0.0,0.14453977419736747,0.0
-0.4999999999999998,0.0,0.8660254037844388,0.0,1.0,0.0,-0.8660254037844388,0.0,-0.4999999999999998,1.0500000000000003,0.0,0.14316929461834055,0.0
-0.4999999999999998,0.0,0.8660254037844388,0.0,1.0,0.0,-0.8660254037844388,0.0,-0.4999999999999998,1.0500000000000003,0.0,0.14178983095066758,0.0
-0.4999999999999998,0.0,0.8660254037844388,0.0,1.0,0.0,-0.8660254037844388,0.0,-0.4999999999999998,1.0500000000000003,0.0,0.1404016877397264,0.0
