0.0,0.0,1.0,0.0,1.0,0.0,-1.0,0.0,0.0,0.0,0.0,0.5,0
-0.000234048650556,0.0,0.999999972611,0.0,1.0,0.0,-0.999999972611,0.0,-0.000234048650556,0.000314708005331,0.0,0.500039294026,0
-0.000929911291441,0.0,0.999999567632,0.0,1.0,0.0,-0.999999567632,0.0,-0.000929911291441,0.00125043768586,0.0,0.500155686169,0
-0.0020781620445,0.0,0.999997840619,0.0,1.0,0.0,-0.999997840619,0.0,-0.0020781620445,0.002794673652,0.0,0.500346322542,0
-0.00366937198509,0.0,0.999993267832,0.0,1.0,0.0,-0.999993267832,0.0,-0.00366937198509,0.00493499376531,0.0,0.500607569827,0
-0.00569410591433,0.0,0.999983788448,0.0,1.0,0.0,-0.999983788448,0.0,-0.00569410591433,0.00765905770584,0.0,0.500935071482,0
-0.00814291816652,0.0,0.999966845892,0.0,1.0,0.0,-0.999966845892,0.0,-0.00814291816652,0.0109545943884,0.0,0.501323802617,0
-0.0110063476322,0.0,0.999939428321,0.0,1.0,0.0,-0.999939428321,0.0,-0.0110063476322,0.0148093884685,0.0,0.501768123589,0
-0.0142749121662,0.0,0.99989810825,0.0,1.0,0.0,-0.99989810825,0.0,-0.0142749121662,0.0192112661633,0.0,0.502261832345,0
-0.017939102541,0.0,0.999839081353,0.0,1.0,0.0,-0.999839081353,0.0,-0.017939102541,0.0241480806014,0.0,0.502798215576,0
-0.0219893760925,0.0,0.999758204437,0.0,1.0,0.0,-0.999758204437,0.0,-0.0219893760925,0.029607696897,0.0,0.503370098719,0
-0.0264161501998,0.0,0.999651032615,0.0,1.0,0.0,-0.999651032615,0.0,-0.0264161501998,0.0355779771373,0.0,0.503969894827,0
-0.0312097957267,0.0,0.999512855671,0.0,1.0,0.0,-0.999512855671,0.0,-0.0312097957267,0.0420467654518,0.0,0.504589652378,0
-0.0363606305464,0.0,0.999338733637,0.0,1.0,0.0,-0.999338733637,0.0,-0.0363606305464,0.049001873327,0.0,0.505221102019,0
-0.0418589132596,0.0,0.999123531592,0.0,1.0,0.0,-0.999123531592,0.0,-0.0418589132596,0.0564310653123,0.0,0.505855702301,0
-0.0476948372081,0.0,0.998861953677,0.0,1.0,0.0,-0.998861953677,0.0,-0.0476948372081,0.0643220452548,0.0,0.50648468441,0
-0.0538585248777,0.0,0.998548576334,0.0,1.0,0.0,-0.998548576334,0.0,-0.0538585248777,0.0726624431872,0.0,0.507099095918,0
-0.0603400227753,0.0,0.998177880766,0.0,1.0,0.0,-0.998177880766,0.0,-0.0603400227753,0.0814398029846,0.0,0.507689843576,0
-0.0671292968552,0.0,0.997744284626,0.0,1.0,0.0,-0.997744284626,0.0,-0.0671292968552,0.0906415708906,0.0,0.50824773514,0
-0.0742162285647,0.0,0.997242172904,0.0,1.0,0.0,-0.997242172904,0.0,-0.0742162285647,0.100255085008,0.0,0.508763520254,0
-0.0815906115682,0.0,0.996665928034,0.0,1.0,0.0,-0.996665928034,0.0,-0.0815906115682,0.110267565837,0.0,0.509227930371,0
-0.0892421492017,0.0,0.99600995919,0.0,1.0,0.0,-0.99600995919,0.0,-0.0892421492017,0.120666107927,0.0,0.509631717717,0
-0.0971604527043,0.0,0.995268730761,0.0,1.0,0.0,-0.995268730761,0.0,-0.0971604527043,0.131437672714,0.0,0.509965693286,0
-0.105335040261,0.0,0.994436789994,0.0,1.0,0.0,-0.994436789994,0.0,-0.105335040261,0.142569082591,0.0,0.510220763847,0
-0.113755336892,0.0,0.993508793785,0.0,1.0,0.0,-0.993508793785,0.0,-0.113755336892,0.154047016252,0.0,0.510387967948,0
-0.122410675199,0.0,0.992479534599,0.0,1.0,0.0,-0.992479534599,0.0,-0.122410675199,0.165858005348,0.0,0.51045851089,0
-0.131290297008,0.0,0.991343965489,0.0,1.0,0.0,-0.991343965489,0.0,-0.131290297008,0.177988432479,0.0,0.510423798651,0
-0.140383355886,0.0,0.990097224211,0.0,1.0,0.0,-0.990097224211,0.0,-0.140383355886,0.190424530537,0.0,0.510275470729,0
-0.149678920559,0.0,0.988734656387,0.0,1.0,0.0,-0.988734656387,0.0,-0.149678920559,0.203152383407,0.0,0.510005431863,0
-0.159165979221,0.0,0.987251837708,0.0,1.0,0.0,-0.987251837708,0.0,-0.159165979221,0.216157928024,0.0,0.509605882611,0
-0.168833444713,0.0,0.985644595149,0.0,1.0,0.0,-0.985644595149,0.0,-0.168833444713,0.229426957778,0.0,0.509069348746,0
-0.17867016057,0.0,0.983909027157,0.0,1.0,0.0,-0.983909027157,0.0,-0.17867016057,0.24294512725,0.0,0.50838870942,0
-0.188664907904,0.0,0.982041522811,0.0,1.0,0.0,-0.982041522811,0.0,-0.188664907904,0.256697958246,0.0,0.507557224076,0
-0.198806413102,0.0,0.980038779901,0.0,1.0,0.0,-0.980038779901,0.0,-0.198806413102,0.27067084711,0.0,0.50656855806,0
-0.209083356297,0.0,0.977897821922,0.0,1.0,0.0,-0.977897821922,0.0,-0.209083356297,0.284849073263,0.0,0.50541680689,0
-0.219484380583,0.0,0.975616013952,0.0,1.0,0.0,-0.975616013952,0.0,-0.219484380583,0.29921780892,0.0,0.504096519154,0
-0.229998101931,0.0,0.973191077388,0.0,1.0,0.0,-0.973191077388,0.0,-0.229998101931,0.313762129945,0.0,0.502602717988,0
-0.24061311974,0.0,0.970621103525,0.0,1.0,0.0,-0.970621103525,0.0,-0.24061311974,0.328467027764,0.0,0.500930921114,0
-0.251318028005,0.0,0.967904565957,0.0,1.0,0.0,-0.967904565957,0.0,-0.251318028005,0.34331742229,0.0,0.499077159387,0
-0.262101427011,0.0,0.965040331778,0.0,1.0,0.0,-0.965040331778,0.0,-0.262101427011,0.358298175769,0.0,0.497037993823,0
-0.272951935517,0.0,0.962027671586,0.0,1.0,0.0,-0.962027671586,0.0,-0.272951935517,0.373394107482,0.0,0.494810531093,0
-0.28385820336,0.0,0.958866268249,0.0,1.0,0.0,-0.958866268249,0.0,-0.28385820336,0.388590009212,0.0,0.492392437435,0
-0.294808924407,0.0,0.955556224453,0.0,1.0,0.0,-0.955556224453,0.0,-0.294808924407,0.403870661403,0.0,0.489781950974,0
-0.305792849802,0.0,0.952098069009,0.0,1.0,0.0,-0.952098069009,0.0,-0.305792849802,0.419220849902,0.0,0.486977892434,0
-0.316798801423,0.0,0.948492761921,0.0,1.0,0.0,-0.948492761921,0.0,-0.316798801423,0.434625383204,0.0,0.483979674207,0
-0.327815685478,0.0,0.944741698219,0.0,1.0,0.0,-0.944741698219,0.0,-0.327815685478,0.450069110095,0.0,0.480787307795,0
-0.338832506185,0.0,0.94084671055,0.0,1.0,0.0,-0.94084671055,0.0,-0.338832506185,0.465536937601,0.0,0.477401409595,0
-0.349838379428,0.0,0.936810070547,0.0,1.0,0.0,-0.936810070547,0.0,-0.349838379428,0.48101384913,0.0,0.473823205035,0
-0.360822546347,0.0,0.932634488987,0.0,1.0,0.0,-0.932634488987,0.0,-0.360822546347,0.49648492271,0.0,0.47005453106,0
-0.371774386761,0.0,0.928323114733,0.0,1.0,0.0,-0.928323114733,0.0,-0.371774386761,0.511935349222,0.0,0.466097836981,0
-0.382683432365,0.0,0.923879532511,0.0,1.0,0.0,-0.923879532511,0.0,-0.382683432365,0.527350450515,0.0,0.46195618369,0
-0.39353937961,0.0,0.919307759511,0.0,1.0,0.0,-0.919307759511,0.0,-0.39353937961,0.542715697294,0.0,0.457633241261,0
-0.404332102204,0.0,0.914612240858,0.0,1.0,0.0,-0.914612240858,0.0,-0.404332102204,0.558016726696,0.0,0.453133284963,0
-0.415051663155,0.0,0.909797843981,0.0,1.0,0.0,-0.909797843981,0.0,-0.415051663155,0.573239359423,0.0,0.448461189704,0
-0.425688326277,0.0,0.904869851897,0.0,1.0,0.0,-0.904869851897,0.0,-0.425688326277,0.588369616346,0.0,0.44362242294,0
-0.4362325671,0.0,0.899833955462,0.0,1.0,0.0,-0.899833955462,0.0,-0.4362325671,0.603393734474,0.0,0.438623036091,0
-0.446675083103,0.0,0.894696244619,0.0,1.0,0.0,-0.894696244619,0.0,-0.446675083103,0.618298182187,0.0,0.433469654486,0
-0.457006803217,0.0,0.889463198684,0.0,1.0,0.0,-0.889463198684,0.0,-0.457006803217,0.633069673641,0.0,0.428169465905,0
-0.467218896513,0.0,0.884141675718,0.0,1.0,0.0,-0.884141675718,0.0,-0.467218896513,0.647695182244,0.0,0.422730207743,0
-0.477302780039,0.0,0.878738901021,0.0,1.0,0.0,-0.878738901021,0.0,-0.477302780039,0.662161953119,0.0,0.41716015286,0
-0.487250125725,0.0,0.87326245481,0.0,1.0,0.0,-0.87326245481,0.0,-0.487250125725,0.676457514466,0.0,0.411468094172,0
-0.497052866321,0.0,0.867720259117,0.0,1.0,0.0,-0.867720259117,0.0,-0.497052866321,0.69056968774,0.0,0.405663328031,0
-0.506703200293,0.0,0.862120563966,0.0,1.0,0.0,-0.862120563966,0.0,-0.506703200293,0.704486596568,0.0,0.39975563646,0
-0.516193595655,0.0,0.856471932876,0.0,1.0,0.0,-0.856471932876,0.0,-0.516193595655,0.718196674328,0.0,0.393755268309,0
-0.525516792676,0.0,0.850783227747,0.0,1.0,0.0,-0.850783227747,0.0,-0.525516792676,0.731688670332,0.0,0.387672919381,0
-0.534665805425,0.0,0.845063593175,0.0,1.0,0.0,-0.845063593175,0.0,-0.534665805425,0.744951654539,0.0,0.381519711608,0
-0.543633922118,0.0,0.839322440259,0.0,1.0,0.0,-0.839322440259,0.0,-0.543633922118,0.757975020748,0.0,0.375307171332,0
-0.552414704246,0.0,0.833569429941,0.0,1.0,0.0,-0.833569429941,0.0,-0.552414704246,0.770748488214,0.0,0.369047206757,0
-0.561001984436,0.0,0.827814455938,0.0,1.0,0.0,-0.827814455938,0.0,-0.561001984436,0.783262101651,0.0,0.362752084639,0
-0.569389863039,0.0,0.822067627308,0.0,1.0,0.0,-0.822067627308,0.0,-0.569389863039,0.795506229568,0.0,0.356434406282,0
-0.577572703422,0.0,0.816339250717,0.0,1.0,0.0,-0.816339250717,0.0,-0.577572703422,0.80747156092,0.0,0.350107082882,0
-0.585545125941,0.0,0.810639812424,0.0,1.0,0.0,-0.810639812424,0.0,-0.585545125941,0.819149100029,0.0,0.34378331031,0
-0.593302000597,0.0,0.804979960053,0.0,1.0,0.0,-0.804979960053,0.0,-0.593302000597,0.830530159779,0.0,0.33747654336,0
-0.600838438361,0.0,0.799370484186,0.0,1.0,0.0,-0.799370484186,0.0,-0.600838438361,0.841606353038,0.0,0.331200469541,0
-0.608149781167,0.0,0.793822299804,0.0,1.0,0.0,-0.793822299804,0.0,-0.608149781167,0.852369582323,0.0,0.324968982444,0
-0.615231590581,0.0,0.788346427627,0.0,1.0,0.0,-0.788346427627,0.0,-0.615231590581,0.862812027701,0.0,0.318796154742,0
-0.622079635142,0.0,0.782953975366,0.0,1.0,0.0,-0.782953975366,0.0,-0.622079635142,0.872926132921,0.0,0.312696210864,0
-0.628689876401,0.0,0.777656118931,0.0,1.0,0.0,-0.777656118931,0.0,-0.628689876401,0.882704589793,0.0,0.306683499367,0
-0.635058453654,0.0,0.772464083594,0.0,1.0,0.0,-0.772464083594,0.0,-0.635058453654,0.89214032083,0.0,0.300772465054,0
-0.641181667404,0.0,0.767389125141,0.0,1.0,0.0,-0.767389125141,0.0,-0.641181667404,0.901226460179,0.0,0.294977620847,0
-0.647055961569,0.0,0.762442511011,0.0,1.0,0.0,-0.762442511011,0.0,-0.647055961569,0.909956332861,0.0,0.289313519439,0
-0.652677904453,0.0,0.757635501438,0.0,1.0,0.0,-0.757635501438,0.0,-0.652677904453,0.918323432363,0.0,0.283794724732,0
-0.658044168527,0.0,0.752979330572,0.0,1.0,0.0,-0.752979330572,0.0,-0.658044168527,0.926321396616,0.0,0.278435783066,0
-0.663151509039,0.0,0.748485187602,0.0,1.0,0.0,-0.748485187602,0.0,-0.663151509039,0.933943982413,0.0,0.273251194233,0
-0.667996741504,0.0,0.744164197835,0.0,1.0,0.0,-0.744164197835,0.0,-0.667996741504,0.941185038312,0.0,0.268255382259,0
-0.672576718097,0.0,0.740027403732,0.0,1.0,0.0,-0.740027403732,0.0,-0.672576718097,0.948038476089,0.0,0.263462665931,0
-0.676888303013,0.0,0.736085745851,0.0,1.0,0.0,-0.736085745851,0.0,-0.676888303013,0.954498240807,0.0,0.25888722904,0
-0.680928346829,0.0,0.732350043684,0.0,1.0,0.0,-0.732350043684,0.0,-0.680928346829,0.960558279562,0.0,0.254543090304,0
-0.68469365993,0.0,0.728830976326,0.0,1.0,0.0,-0.728830976326,0.0,-0.68469365993,0.966212509,0.0,0.250444072902,0
-0.688180985043,0.0,0.725539062921,0.0,1.0,0.0,-0.725539062921,0.0,-0.688180985043,0.971454781675,0.0,0.246603773579,0
-0.691386968955,0.0,0.722484642853,0.0,1.0,0.0,-0.722484642853,0.0,-0.691386968955,0.976278851343,0.0,0.243035531246,0
-0.694308133465,0.0,0.719677855575,0.0,1.0,0.0,-0.719677855575,0.0,-0.694308133465,0.980678337303,0.0,0.239752394984,0
-0.696940845646,0.0,0.717128620033,0.0,1.0,0.0,-0.717128620033,0.0,-0.696940845646,0.98464668786,0.0,0.236767091378,0
-0.699281287495,0.0,0.714846613589,0.0,1.0,0.0,-0.714846613589,0.0,-0.699281287495,0.988177143064,0.0,0.234091991075,0
-0.701325425038,0.0,0.712841250346,0.0,1.0,0.0,-0.712841250346,0.0,-0.701325425038,0.991262696806,0.0,0.231739074453,0
-0.703068976983,0.0,0.711121658793,0.0,1.0,0.0,-0.711121658793,0.0,-0.703068976983,0.993896058429,0.0,0.229719896283,0
-0.704507383012,0.0,0.709696658638,0.0,1.0,0.0,-0.709696658638,0.0,-0.704507383012,0.996069613985,0.0,0.228045549267,0
-0.705635771799,0.0,0.708574736748,0.0,1.0,0.0,-0.708574736748,0.0,-0.705635771799,0.997775387278,0.0,0.226726626295,0
-0.706448928876,0.0,0.707764022037,0.0,1.0,0.0,-0.707764022037,0.0,-0.706448928876,0.999005000867,0.0,0.225773181295,0
-0.706941264431,0.0,0.707272259207,0.0,1.0,0.0,-0.707272259207,0.0,-0.706941264431,0.99974963719,0.0,0.225194688501,0
-0.707106781187,0.0,0.707106781187,0.0,1.0,0.0,-0.707106781187,0.0,-0.707106781187,1.0,0.0,0.225,0
-0.707106781187,0.0,0.707106781187,0.0,1.0,0.0,-0.707106781187,0.0,-0.707106781187,1.0,0.0,0.225,0
-0.707106781187,0.0,0.707106781187,0.0,1.0,0.0,-0.707106781187,0.0,-0.707106781187,1.0,0.0,0.2249404,0
-0.707106781187,0.0,0.707106781187,0.0,1.0,0.0,-0.707106781187,0.0,-0.707106781187,1.0,0.0,0.2247632,0
-0.707106781187,0.0,0.707106781187,0.0,1.0,0.0,-0.707106781187,0.0,-0.707106781187,1.0,0.0,0.2244708,0
-0.707106781187,0.0,0.707106781187,0.0,1.0,0.0,-0.707106781187,0.0,-0.707106781187,1.0,0.0,0.2240656,0
-0.707106781187,0.0,0.707106781187,0.0,1.0,0.0,-0.707106781187,0.0,-0.707106781187,1.0,0.0,0.22355,0
-0.707106781187,0.0,0.707106781187,0.0,1.0,0.0,-0.707106781187,0.0,-0.707106781187,1.0,0.0,0.2229264,0
-0.707106781187,0.0,0.707106781187,0.0,1.0,0.0,-0.707106781187,0.0,-0.707106781187,1.0,0.0,0.2221972,0
-0.707106781187,0.0,0.707106781187,0.0,1.0,0.0,-0.707106781187,0.0,-0.707106781187,1.0,0.0,0.2213648,0
-0.707106781187,0.0,0.707106781187,0.0,1.0,0.0,-0.707106781187,0.0,-0.707106781187,1.0,0.0,0.2204316,0
-0.707106781187,0.0,0.707106781187,0.0,1.0,0.0,-0.707106781187,0.0,-0.707106781187,1.0,0.0,0.2194,0
-0.707106781187,0.0,0.707106781187,0.0,1.0,0.0,-0.707106781187,0.0,-0.707106781187,1.0,0.0,0.2182724,0
-0.707106781187,0.0,0.707106781187,0.0,1.0,0.0,-0.707106781187,0.0,-0.707106781187,1.0,0.0,0.2170512,0
-0.707106781187,0.0,0.707106781187,0.0,1.0,0.0,-0.707106781187,0.0,-0.707106781187,1.0,0.0,0.2157388,0
-0.707106781187,0.0,0.707106781187,0.0,1.0,0.0,-0.707106781187,0.0,-0.707106781187,1.0,0.0,0.2143376,0
-0.707106781187,0.0,0.707106781187,0.0,1.0,0.0,-0.707106781187,0.0,-0.707106781187,1.0,0.0,0.21285,0
-0.707106781187,0.0,0.707106781187,0.0,1.0,0.0,-0.707106781187,0.0,-0.707106781187,1.0,0.0,0.2112784,0
-0.707106781187,0.0,0.707106781187,0.0,1.0,0.0,-0.707106781187,0.0,-0.707106781187,1.0,0.0,0.2096252,0
-0.707106781187,0.0,0.707106781187,0.0,1.0,0.0,-0.707106781187,0.0,-0.707106781187,1.0,0.0,0.2078928,0
-0.707106781187,0.0,0.707106781187,0.0,1.0,0.0,-0.707106781187,0.0,-0.707106781187,1.0,0.0,0.2060836,0
-0.707106781187,0.0,0.707106781187,0.0,1.0,0.0,-0.707106781187,0.0,-0.707106781187,1.0,0.0,0.2042,0
-0.707106781187,0.0,0.707106781187,0.0,1.0,0.0,-0.707106781187,0.0,-0.707106781187,1.0,0.0,0.2022444,0
-0.707106781187,0.0,0.707106781187,0.0,1.0,0.0,-0.707106781187,0.0,-0.707106781187,1.0,0.0,0.2002192,0
-0.707106781187,0.0,0.707106781187,0.0,1.0,0.0,-0.707106781187,0.0,-0.707106781187,1.0,0.0,0.1981268,0
-0.707106781187,0.0,0.707106781187,0.0,1.0,0.0,-0.707106781187,0.0,-0.707106781187,1.0,0.0,0.1959696,0
-0.707106781187,0.0,0.707106781187,0.0,1.0,0.0,-0.707106781187,0.0,-0.707106781187,1.0,0.0,0.19375,0
-0.707106781187,0.0,0.707106781187,0.0,1.0,0.0,-0.707106781187,0.0,-0.707106781187,1.0,0.0,0.1914704,0
-0.707106781187,0.0,0.707106781187,0.0,1.0,0.0,-0.707106781187,0.0,-0.707106781187,1.0,0.0,0.1891332,0
-0.707106781187,0.0,0.707106781187,0.0,1.0,0.0,-0.707106781187,0.0,-0.707106781187,1.0,0.0,0.1867408,0
-0.707106781187,0.0,0.707106781187,0.0,1.0,0.0,-0.707106781187,0.0,-0.707106781187,1.0,0.0,0.1842956,0
-0.707106781187,0.0,0.707106781187,0.0,1.0,0.0,-0.707106781187,0.0,-0.707106781187,1.0,0.0,0.1818,0
-0.707106781187,0.0,0.707106781187,0.0,1.0,0.0,-0.707106781187,0.0,-0.707106781187,1.0,0.0,0.1792564,0
-0.707106781187,0.0,0.707106781187,0.0,1.0,0.0,-0.707106781187,0.0,-0.707106781187,1.0,0.0,0.1766672,0
-0.707106781187,0.0,0.707106781187,0.0,1.0,0.0,-0.707106781187,0.0,-0.707106781187,1.0,0.0,0.1740348,0
-0.707106781187,0.0,0.707106781187,0.0,1.0,0.0,-0.707106781187,0.0,-0.707106781187,1.0,0.0,0.1713616,0
-0.707106781187,0.0,0.707106781187,0.0,1.0,0.0,-0.707106781187,0.0,-0.707106781187,1.0,0.0,0.16865,0
-0.707106781187,0.0,0.707106781187,0.0,1.0,0.0,-0.707106781187,0.0,-0.707106781187,1.0,0.0,0.1659024,0
-0.707106781187,0.0,0.707106781187,0.0,1.0,0.0,-0.707106781187,0.0,-0.707106781187,1.0,0.0,0.1631212,0
-0.707106781187,0.0,0.707106781187,0.0,1.0,0.0,-0.707106781187,0.0,-0.707106781187,1.0,0.0,0.1603088,0
-0.707106781187,0.0,0.707106781187,0.0,1.0,0.0,-0.707106781187,0.0,-0.707106781187,1.0,0.0,0.1574676,0
-0.707106781187,0.0,0.707106781187,0.0,1.0,0.0,-0.707106781187,0.0,-0.707106781187,1.0,0.0,0.1546,0
-0.707106781187,0.0,0.707106781187,0.0,1.0,0.0,-0.707106781187,0.0,-0.707106781187,1.0,0.0,0.1517084,0
-0.707106781187,0.0,0.707106781187,0.0,1.0,0.0,-0.707106781187,0.0,-0.707106781187,1.0,0.0,0.1487952,0
-0.707106781187,0.0,0.707106781187,0.0,1.0,0.0,-0.707106781187,0.0,-0.707106781187,1.0,0.0,0.1458628,0
-0.707106781187,0.0,0.707106781187,0.0,1.0,0.0,-0.707106781187,0.0,-0.707106781187,1.0,0.0,0.1429136,0
-0.707106781187,0.0,0.707106781187,0.0,1.0,0.0,-0.707106781187,0.0,-0.707106781187,1.0,0.0,0.13995,0
-0.707106781187,0.0,0.707106781187,0.0,1.0,0.0,-0.707106781187,0.0,-0.707106781187,1.0,0.0,0.1369744,0
-0.707106781187,0.0,0.707106781187,0.0,1.0,0.0,-0.707106781187,0.0,-0.707106781187,1.0,0.0,0.1339892,0
-0.707106781187,0.0,0.707106781187,0.0,1.0,0.0,-0.707106781187,0.0,-0.707106781187,1.0,0.0,0.1309968,0
-0.707106781187,0.0,0.707106781187,0.0,1.0,0.0,-0.707106781187,0.0,-0.707106781187,1.0,0.0,0.1279996,0
-0.707106781187,0.0,0.707106781187,0.0,1.0,0.0,-0.707106781187,0.0,-0.707106781187,1.0,0.0,0.125,0
-0.707106781187,0.0,0.707106781187,0.0,1.0,0.0,-0.707106781187,0.0,-0.707106781187,1.0,0.0,0.1220004,0
-0.707106781187,0.0,0.707106781187,0.0,1.0,0.0,-0.707106781187,0.0,-0.707106781187,1.0,0.0,0.1190032,0
-0.707106781187,0.0,0.707106781187,0.0,1.0,0.0,-0.707106781187,0.0,-0.707106781187,1.0,0.0,0.1160108,0
-0.707106781187,0.0,0.707106781187,0.0,1.0,0.0,-0.707106781187,0.0,-0.707106781187,1.0,0.0,0.1130256,0
-0.707106781187,0.0,0.707106781187,0.0,1.0,0.0,-0.707106781187,0.0,-0.707106781187,1.0,0.0,0.11005,0
-0.707106781187,0.0,0.707106781187,0.0,1.0,0.0,-0.707106781187,0.0,-0.707106781187,1.0,0.0,0.1070864,0
-0.707106781187,0.0,0.707106781187,0.0,1.0,0.0,-0.707106781187,0.0,-0.707106781187,1.0,0.0,0.1041372,0
-0.707106781187,0.0,0.707106781187,0.0,1.0,0.0,-0.707106781187,0.0,-0.707106781187,1.0,0.0,0.1012048,0
-0.707106781187,0.0,0.707106781187,0.0,1.0,0.0,-0.707106781187,0.0,-0.707106781187,1.0,0.0,0.0982916,0
-0.707106781187,0.0,0.707106781187,0.0,1.0,0.0,-0.707106781187,0.0,-0.707106781187,1.0,0.0,0.0954,0
-0.707106781187,0.0,0.707106781187,0.0,1.0,0.0,-0.707106781187,0.0,-0.707106781187,1.0,0.0,0.0925324,0
-0.707106781187,0.0,0.707106781187,0.0,1.0,0.0,-0.707106781187,0.0,-0.707106781187,1.0,0.0,0.0896912,0
-0.707106781187,0.0,0.707106781187,0.0,1.0,0.0,-0.707106781187,0.0,-0.707106781187,1.0,0.0,0.0868788,0
-0.707106781187,0.0,0.707106781187,0.0,1.0,0.0,-0.707106781187,0.0,-0.707106781187,1.0,0.0,0.0840976,0
-0.707106781187,0.0,0.707106781187,0.0,1.0,0.0,-0.707106781187,0.0,-0.707106781187,1.0,0.0,0.08135,0
-0.707106781187,0.0,0.707106781187,0.0,1.0,0.0,-0.707106781187,0.0,-0.707106781187,1.0,0.0,0.0786384,0
-0.707106781187,0.0,0.707106781187,0.0,1.0,0.0,-0.707106781187,0.0,-0.707106781187,1.0,0.0,0.0759652,0
-0.707106781187,0.0,0.707106781187,0.0,1.0,0.0,-0.707106781187,0.0,-0.707106781187,1.0,0.0,0.0733328,0
-0.707106781187,0.0,0.707106781187,0.0,1.0,0.0,-0.707106781187,0.0,-0.707106781187,1.0,0.0,0.0707436,0
-0.707106781187,0.0,0.707106781187,0.0,1.0,0.0,-0.707106781187,0.0,-0.707106781187,1.0,0.0,0.0682,0
-0.707106781187,0.0,0.707106781187,0.0,1.0,0.0,-0.707106781187,0.0,-0.707106781187,1.0,0.0,0.0657044,0
-0.707106781187,0.0,0.707106781187,0.0,1.0,0.0,-0.707106781187,0.0,-0.707106781187,1.0,0.0,0.0632592,0
-0.707106781187,0.0,0.707106781187,0.0,1.0,0.0,-0.707106781187,0.0,-0.707106781187,1.0,0.0,0.0608668,0
-0.707106781187,0.0,0.707106781187,0.0,1.0,0.0,-0.707106781187,0.0,-0.707106781187,1.0,0.0,0.0585296,0
-0.707106781187,0.0,0.707106781187,0.0,1.0,0.0,-0.707106781187,0.0,-0.707106781187,1.0,0.0,0.05625,0
-0.707106781187,0.0,0.707106781187,0.0,1.0,0.0,-0.707106781187,0.0,-0.707106781187,1.0,0.0,0.0540304,0
-0.707106781187,0.0,0.707106781187,0.0,1.0,0.0,-0.707106781187,0.0,-0.707106781187,1.0,0.0,0.0518732,0
-0.707106781187,0.0,0.707106781187,0.0,1.0,0.0,-0.707106781187,0.0,-0.707106781187,1.0,0.0,0.0497808,0
-0.707106781187,0.0,0.707106781187,0.0,1.0,0.0,-0.707106781187,0.0,-0.707106781187,1.0,0.0,0.0477556,0
-0.707106781187,0.0,0.707106781187,0.0,1.0,0.0,-0.707106781187,0.0,-0.707106781187,1.0,0.0,0.0458,0
-0.707106781187,0.0,0.707106781187,0.0,1.0,0.0,-0.707106781187,0.0,-0.707106781187,1.0,0.0,0.0439164,0
-0.707106781187,0.0,0.707106781187,0.0,1.0,0.0,-0.707106781187,0.0,-0.707106781187,1.0,0.0,0.0421072,0
-0.707106781187,0.0,0.707106781187,0.0,1.0,0.0,-0.707106781187,0.0,-0.707106781187,1.0,0.0,0.0403748,0
-0.707106781187,0.0,0.707106781187,0.0,1.0,0.0,-0.707106781187,0.0,-0.707106781187,1.0,0.0,0.0387216,0
-0.707106781187,0.0,0.707106781187,0.0,1.0,0.0,-0.707106781187,0.0,-0.707106781187,1.0,0.0,0.03715,0
-0.707106781187,0.0,0.707106781187,0.0,1.0,0.0,-0.707106781187,0.0,-0.707106781187,1.0,0.0,0.0356624,0
-0.707106781187,0.0,0.707106781187,0.0,1.0,0.0,-0.707106781187,0.0,-0.707106781187,1.0,0.0,0.0342612,0
-0.707106781187,0.0,0.707106781187,0.0,1.0,0.0,-0.707106781187,0.0,-0.707106781187,1.0,0.0,0.0329488,0
-0.707106781187,0.0,0.707106781187,0.0,1.0,0.0,-0.707106781187,0.0,-0.707106781187,1.0,0.0,0.0317276,0
-0.707106781187,0.0,0.707106781187,0.0,1.0,0.0,-0.707106781187,0.0,-0.707106781187,1.0,0.0,0.0306,0
-0.707106781187,0.0,0.707106781187,0.0,1.0,0.0,-0.707106781187,0.0,-0.707106781187,1.0,0.0,0.0295684,0
-0.707106781187,0.0,0.707106781187,0.0,1.0,0.0,-0.707106781187,0.0,-0.707106781187,1.0,0.0,0.0286352,0
-0.707106781187,0.0,0.707106781187,0.0,1.0,0.0,-0.707106781187,0.0,-0.707106781187,1.0,0.0,0.0278028,0
-0.707106781187,0.0,0.707106781187,0.0,1.0,0.0,-0.707106781187,0.0,-0.707106781187,1.0,0.0,0.0270736,0
-0.707106781187,0.0,0.707106781187,0.0,1.0,0.0,-0.707106781187,0.0,-0.707106781187,1.0,0.0,0.02645,0
-0.707106781187,0.0,0.707106781187,0.0,1.0,0.0,-0.707106781187,0.0,-0.707106781187,1.0,0.0,0.0259344,0
-0.707106781187,0.0,0.707106781187,0.0,1.0,0.0,-0.707106781187,0.0,-0.707106781187,1.0,0.0,0.0255292,0
-0.707106781187,0.0,0.707106781187,0.0,1.0,0.0,-0.707106781187,0.0,-0.707106781187,1.0,0.0,0.0252368,0
-0.707106781187,0.0,0.707106781187,0.0,1.0,0.0,-0.707106781187,0.0,-0.707106781187,1.0,0.0,0.0250596,0
-0.707106781187,0.0,0.707106781187,0.0,1.0,0.0,-0.707106781187,0.0,-0.707106781187,1.0,0.0,0.025,0
-0.707106781187,0.0,0.707106781187,0.0,1.0,0.0,-0.707106781187,0.0,-0.707106781187,1.0,0.0,0.025,1
-0.707106781187,0.0,0.707106781187,0.0,1.0,0.0,-0.707106781187,0.0,-0.707106781187,1.0,0.0,0.025,1
-0.707106781187,0.0,0.707106781187,0.0,1.0,0.0,-0.707106781187,0.0,-0.707106781187,1.0,0.0,0.025,1
-0.707106781187,0.0,0.707106781187,0.0,1.0,0.0,-0.707106781187,0.0,-0.707106781187,1.0,0.0,0.025,1
-0.707106781187,0.0,0.707106781187,0.0,1.0,0.0,-0.707106781187,0.0,-0.707106781187,1.0,0.0,0.025,1
-0.707106781187,0.0,0.707106781187,0.0,1.0,0.0,-0.707106781187,0.0,-0.707106781187,1.0,0.0,0.025,1
-0.707106781187,0.0,0.707106781187,0.0,1.0,0.0,-0.707106781187,0.0,-0.707106781187,1.0,0.0,0.025,1
-0.707106781187,0.0,0.707106781187,0.0,1.0,0.0,-0.707106781187,0.0,-0.707106781187,1.0,0.0,0.025,1
-0.707106781187,0.0,0.707106781187,0.0,1.0,0.0,-0.707106781187,0.0,-0.707106781187,1.0,0.0,0.025,1
-0.707106781187,0.0,0.707106781187,0.0,1.0,0.0,-0.707106781187,0.0,-0.707106781187,1.0,0.0,0.025,1
-0.707106781187,0.0,0.707106781187,0.0,1.0,0.0,-0.707106781187,0.0,-0.707106781187,1.0,0.0,0.025,1
-0.707106781187,0.0,0.707106781187,0.0,1.0,0.0,-0.707106781187,0.0,-0.707106781187,1.0,0.0,0.025,1
-0.707106781187,0.0,0.707106781187,0.0,1.0,0.0,-0.707106781187,0.0,-0.707106781187,1.0,0.0,0.025,1
-0.707106781187,0.0,0.707106781187,0.0,1.0,0.0,-0.707106781187,0.0,-0.707106781187,1.0,0.0,0.025,1
-0.707106781187,0.0,0.707106781187,0.0,1.0,0.0,-0.707106781187,0.0,-0.707106781187,1.0,0.0,0.025,1
-0.707106781187,0.0,0.707106781187,0.0,1.0,0.0,-0.707106781187,0.0,-0.707106781187,1.0,0.0,0.025,1
-0.707106781187,0.0,0.707106781187,0.0,1.0,0.0,-0.707106781187,0.0,-0.707106781187,1.0,0.0,0.025,1
-0.707106781187,0.0,0.707106781187,0.0,1.0,0.0,-0.707106781187,0.0,-0.707106781187,1.0,0.0,0.025,1
-0.707106781187,0.0,0.707106781187,0.0,1.0,0.0,-0.707106781187,0.0,-0.707106781187,1.0,0.0,0.025,1
-0.707106781187,0.0,0.707106781187,0.0,1.0,0.0,-0.707106781187,0.0,-0.707106781187,1.0,0.0,0.025,1
-0.707106781187,0.0,0.707106781187,0.0,1.0,0.0,-0.707106781187,0.0,-0.707106781187,1.0,0.0,0.025,1
-0.707106781187,0.0,0.707106781187,0.0,1.0,0.0,-0.707106781187,0.0,-0.707106781187,1.0,0.0,0.025,1
-0.707106781187,0.0,0.707106781187,0.0,1.0,0.0,-0.707106781187,0.0,-0.707106781187,1.0,0.0,0.025,1
-0.707106781187,0.0,0.707106781187,0.0,1.0,0.0,-0.707106781187,0.0,-0.707106781187,1.0,0.0,0.025,1
-0.707106781187,0.0,0.707106781187,0.0,1.0,0.0,-0.707106781187,0.0,-0.707106781187,1.0,0.0,0.025,1
-0.707106781187,0.0,0.707106781187,0.0,1.0,0.0,-0.707106781187,0.0,-0.707106781187,1.0,0.0,0.025,1
-0.707106781187,0.0,0.707106781187,0.0,1.0,0.0,-0.707106781187,0.0,-0.707106781187,1.0,0.0,0.025,1
-0.707106781187,0.0,0.707106781187,0.0,1.0,0.0,-0.707106781187,0.0,-0.707106781187,1.0,0.0,0.025,1
-0.707106781187,0.0,0.707106781187,0.0,1.0,0.0,-0.707106781187,0.0,-0.707106781187,1.0,0.0,0.025,1
-0.707106781187,0.0,0.707106781187,0.0,1.0,0.0,-0.707106781187,0.0,-0.707106781187,1.0,0.0,0.025,1
-0.707106781187,0.0,0.707106781187,0.0,1.0,0.0,-0.707106781187,0.0,-0.707106781187,1.0,0.0,0.025,1
-0.707106781187,0.0,0.707106781187,0.0,1.0,0.0,-0.707106781187,0.0,-0.707106781187,1.0,0.0,0.025,1
-0.707106781187,0.0,0.707106781187,0.0,1.0,0.0,-0.707106781187,0.0,-0.707106781187,1.0,0.0,0.025,1
-0.707106781187,0.0,0.707106781187,0.0,1.0,0.0,-0.707106781187,0.0,-0.707106781187,1.0,0.0,0.025,1
-0.707106781187,0.0,0.707106781187,0.0,1.0,0.0,-0.707106781187,0.0,-0.707106781187,1.0,0.0,0.025,1
-0.707106781187,0.0,0.707106781187,0.0,1.0,0.0,-0.707106781187,0.0,-0.707106781187,1.0,0.0,0.025,1
-0.707106781187,0.0,0.707106781187,0.0,1.0,0.0,-0.707106781187,0.0,-0.707106781187,1.0,0.0,0.025,1
-0.707106781187,0.0,0.707106781187,0.0,1.0,0.0,-0.707106781187,0.0,-0.707106781187,1.0,0.0,0.025,1
-0.707106781187,0.0,0.707106781187,0.0,1.0,0.0,-0.707106781187,0.0,-0.707106781187,1.0,0.0,0.025,1
-0.707106781187,0.0,0.707106781187,0.0,1.0,0.0,-0.707106781187,0.0,-0.707106781187,1.0,0.0,0.025,1
-0.707106781187,0.0,0.707106781187,0.0,1.0,0.0,-0.707106781187,0.0,-0.707106781187,1.0,0.0,0.025,1
-0.707106781187,0.0,0.707106781187,0.0,1.0,0.0,-0.707106781187,0.0,-0.707106781187,1.0,0.0,0.025,1
-0.707106781187,0.0,0.707106781187,0.0,1.0,0.0,-0.707106781187,0.0,-0.707106781187,1.0,0.0,0.025,1
-0.707106781187,0.0,0.707106781187,0.0,1.0,0.0,-0.707106781187,0.0,-0.707106781187,1.0,0.0,0.025,1
-0.707106781187,0.0,0.707106781187,0.0,1.0,0.0,-0.707106781187,0.0,-0.707106781187,1.0,0.0,0.025,1
-0.707106781187,0.0,0.707106781187,0.0,1.0,0.0,-0.707106781187,0.0,-0.707106781187,1.0,0.0,0.025,1
-0.707106781187,0.0,0.707106781187,0.0,1.0,0.0,-0.707106781187,0.0,-0.707106781187,1.0,0.0,0.025,1
-0.707106781187,0.0,0.707106781187,0.0,1.0,0.0,-0.707106781187,0.0,-0.707106781187,1.0,0.0,0.025,1
-0.707106781187,0.0,0.707106781187,0.0,1.0,0.0,-0.707106781187,0.0,-0.707106781187,1.0,0.0,0.025,1
-0.707106781187,0.0,0.707106781187,0.0,1.0,0.0,-0.707106781187,0.0,-0.707106781187,1.0,0.0,0.025,1
-0.707106781187,0.0,0.707106781187,0.0,1.0,0.0,-0.707106781187,0.0,-0.707106781187,1.0,0.0,0.025,1
-0.707106781187,0.0,0.707106781187,0.0,1.0,0.0,-0.707106781187,0.0,-0.707106781187,1.0,0.0,0.025,1
-0.707106781187,0.0,0.707106781187,0.0,1.0,0.0,-0.707106781187,0.0,-0.707106781187,1.0,0.0,0.025,1
-0.707106781187,0.0,0.707106781187,0.0,1.0,0.0,-0.707106781187,0.0,-0.707106781187,1.0,0.0,0.025,1
-0.707106781187,0.0,0.707106781187,0.0,1.0,0.0,-0.707106781187,0.0,-0.707106781187,1.0,0.0,0.025,1
-0.707106781187,0.0,0.707106781187,0.0,1.0,0.0,-0.707106781187,0.0,-0.707106781187,1.0,0.0,0.025,1
-0.707106781187,0.0,0.707106781187,0.0,1.0,0.0,-0.707106781187,0.0,-0.707106781187,1.0,0.0,0.025,1
-0.707106781187,0.0,0.707106781187,0.0,1.0,0.0,-0.707106781187,0.0,-0.707106781187,1.0,0.0,0.025,1
-0.707106781187,0.0,0.707106781187,0.0,1.0,0.0,-0.707106781187,0.0,-0.707106781187,1.0,0.0,0.025,1
-0.707106781187,0.0,0.707106781187,0.0,1.0,0.0,-0.707106781187,0.0,-0.707106781187,1.0,0.0,0.025,1
-0.707106781187,0.0,0.707106781187,0.0,1.0,0.0,-0.707106781187,0.0,-0.707106781187,1.0,0.0,0.025,1
-0.707106781187,0.0,0.707106781187,0.0,1.0,0.0,-0.707106781187,0.0,-0.707106781187,1.0,0.0,0.025,1
-0.707106781187,0.0,0.707106781187,0.0,1.0,0.0,-0.707106781187,0.0,-0.707106781187,1.0,0.0,0.025,1
-0.707106781187,0.0,0.707106781187,0.0,1.0,0.0,-0.707106781187,0.0,-0.707106781187,1.0,0.0,0.025,1
-0.707106781187,0.0,0.707106781187,0.0,1.0,0.0,-0.707106781187,0.0,-0.707106781187,1.0,0.0,0.025,1
-0.707106781187,0.0,0.707106781187,0.0,1.0,0.0,-0.707106781187,0.0,-0.707106781187,1.0,0.0,0.025,1
-0.707106781187,0.0,0.707106781187,0.0,1.0,0.0,-0.707106781187,0.0,-0.707106781187,1.0,0.0,0.025,1
-0.707106781187,0.0,0.707106781187,0.0,1.0,0.0,-0.707106781187,0.0,-0.707106781187,1.0,0.0,0.025,1
-0.707106781187,0.0,0.707106781187,0.0,1.0,0.0,-0.707106781187,0.0,-0.707106781187,1.0,0.0,0.025,1
-0.707106781187,0.0,0.707106781187,0.0,1.0,0.0,-0.707106781187,0.0,-0.707106781187,1.0,0.0,0.025,1
-0.707106781187,0.0,0.707106781187,0.0,1.0,0.0,-0.707106781187,0.0,-0.707106781187,1.0,0.0,0.025,1
-0.707106781187,0.0,0.707106781187,0.0,1.0,0.0,-0.707106781187,0.0,-0.707106781187,1.0,0.0,0.025,1
-0.707106781187,0.0,0.707106781187,0.0,1.0,0.0,-0.707106781187,0.0,-0.707106781187,1.0,0.0,0.025,1
-0.707106781187,0.0,0.707106781187,0.0,1.0,0.0,-0.707106781187,0.0,-0.707106781187,1.0,0.0,0.025,1
-0.707106781187,0.0,0.707106781187,0.0,1.0,0.0,-0.707106781187,0.0,-0.707106781187,1.0,0.0,0.025,1
-0.707106781187,0.0,0.707106781187,0.0,1.0,0.0,-0.707106781187,0.0,-0.707106781187,1.0,0.0,0.025,1
-0.707106781187,0.0,0.707106781187,0.0,1.0,0.0,-0.707106781187,0.0,-0.707106781187,1.0,0.0,0.025,1
-0.707106781187,0.0,0.707106781187,0.0,1.0,0.0,-0.707106781187,0.0,-0.707106781187,1.0,0.0,0.025,1
-0.707106781187,0.0,0.707106781187,0.0,1.0,0.0,-0.707106781187,0.0,-0.707106781187,1.0,0.0,0.025,1
-0.707106781187,0.0,0.707106781187,0.0,1.0,0.0,-0.707106781187,0.0,-0.707106781187,1.0,0.0,0.025,1
-0.707106781187,0.0,0.707106781187,0.0,1.0,0.0,-0.707106781187,0.0,-0.707106781187,1.0,0.0,0.025,1
-0.707106781187,0.0,0.707106781187,0.0,1.0,0.0,-0.707106781187,0.0,-0.707106781187,1.0,0.0,0.025,1
-0.707106781187,0.0,0.707106781187,0.0,1.0,0.0,-0.707106781187,0.0,-0.707106781187,1.0,0.0,0.025,1
-0.707106781187,0.0,0.707106781187,0.0,1.0,0.0,-0.707106781187,0.0,-0.707106781187,1.0,0.0,0.025,1
-0.707106781187,0.0,0.707106781187,0.0,1.0,0.0,-0.707106781187,0.0,-0.707106781187,1.0,0.0,0.025,1
-0.707106781187,0.0,0.707106781187,0.0,1.0,0.0,-0.707106781187,0.0,-0.707106781187,1.0,0.0,0.025,1
-0.707106781187,0.0,0.707106781187,0.0,1.0,0.0,-0.707106781187,0.0,-0.707106781187,1.0,0.0,0.025,1
-0.707106781187,0.0,0.707106781187,0.0,1.0,0.0,-0.707106781187,0.0,-0.707106781187,1.0,0.0,0.025,1
-0.707106781187,0.0,0.707106781187,0.0,1.0,0.0,-0.707106781187,0.0,-0.707106781187,1.0,0.0,0.025,1
-0.707106781187,0.0,0.707106781187,0.0,1.0,0.0,-0.707106781187,0.0,-0.707106781187,1.0,0.0,0.025,1
-0.707106781187,0.0,0.707106781187,0.0,1.0,0.0,-0.707106781187,0.0,-0.707106781187,1.0,0.0,0.025,1
-0.707106781187,0.0,0.707106781187,0.0,1.0,0.0,-0.707106781187,0.0,-0.707106781187,1.0,0.0,0.025,1
-0.707106781187,0.0,0.707106781187,0.0,1.0,0.0,-0.707106781187,0.0,-0.707106781187,1.0,0.0,0.025,1
-0.707106781187,0.0,0.707106781187,0.0,1.0,0.0,-0.707106781187,0.0,-0.707106781187,1.0,0.0,0.025,1
-0.707106781187,0.0,0.707106781187,0.0,1.0,0.0,-0.707106781187,0.0,-0.707106781187,1.0,0.0,0.025,1
-0.707106781187,0.0,0.707106781187,0.0,1.0,0.0,-0.707106781187,0.0,-0.707106781187,1.0,0.0,0.025,1
-0.707106781187,0.0,0.707106781187,0.0,1.0,0.0,-0.707106781187,0.0,-0.707106781187,1.0,0.0,0.025,1
-0.707106781187,0.0,0.707106781187,0.0,1.0,0.0,-0.707106781187,0.0,-0.707106781187,1.0,0.0,0.025,1
-0.707106781187,0.0,0.707106781187,0.0,1.0,0.0,-0.707106781187,0.0,-0.707106781187,1.0,0.0,0.025,1
-0.707106781187,0.0,0.707106781187,0.0,1.0,0.0,-0.707106781187,0.0,-0.707106781187,1.0,0.0,0.025,1
-0.707106781187,0.0,0.707106781187,0.0,1.0,0.0,-0.707106781187,0.0,-0.707106781187,1.0,0.0,0.025,1
-0.707106781187,0.0,0.707106781187,0.0,1.0,0.0,-0.707106781187,0.0,-0.707106781187,1.0,0.0,0.025,1
-0.707106781187,0.0,0.707106781187,0.0,1.0,0.0,-0.707106781187,0.0,-0.707106781187,1.0,0.0,0.0250596,1
-0.707106781187,0.0,0.707106781187,0.0,1.0,0.0,-0.707106781187,0.0,-0.707106781187,1.0,0.0,0.0252368,1
-0.707106781187,0.0,0.707106781187,0.0,1.0,0.0,-0.707106781187,0.0,-0.707106781187,1.0,0.0,0.0255292,1
-0.707106781187,0.0,0.707106781187,0.0,1.0,0.0,-0.707106781187,0.0,-0.707106781187,1.0,0.0,0.0259344,1
-0.707106781187,0.0,0.707106781187,0.0,1.0,0.0,-0.707106781187,0.0,-0.707106781187,1.0,0.0,0.02645,1
-0.707106781187,0.0,0.707106781187,0.0,1.0,0.0,-0.707106781187,0.0,-0.707106781187,1.0,0.0,0.0270736,1
-0.707106781187,0.0,0.707106781187,0.0,1.0,0.0,-0.707106781187,0.0,-0.707106781187,1.0,0.0,0.0278028,1
-0.707106781187,0.0,0.707106781187,0.0,1.0,0.0,-0.707106781187,0.0,-0.707106781187,1.0,0.0,0.0286352,1
-0.707106781187,0.0,0.707106781187,0.0,1.0,0.0,-0.707106781187,0.0,-0.707106781187,1.0,0.0,0.0295684,1
-0.707106781187,0.0,0.707106781187,0.0,1.0,0.0,-0.707106781187,0.0,-0.707106781187,1.0,0.0,0.0306,1
-0.707106781187,0.0,0.707106781187,0.0,1.0,0.0,-0.707106781187,0.0,-0.707106781187,1.0,0.0,0.0317276,1
-0.707106781187,0.0,0.707106781187,0.0,1.0,0.0,-0.707106781187,0.0,-0.707106781187,1.0,0.0,0.0329488,1
-0.707106781187,0.0,0.707106781187,0.0,1.0,0.0,-0.707106781187,0.0,-0.707106781187,1.0,0.0,0.0342612,1
-0.707106781187,0.0,0.707106781187,0.0,1.0,0.0,-0.707106781187,0.0,-0.707106781187,1.0,0.0,0.0356624,1
-0.707106781187,0.0,0.707106781187,0.0,1.0,0.0,-0.707106781187,0.0,-0.707106781187,1.0,0.0,0.03715,1
-0.707106781187,0.0,0.707106781187,0.0,1.0,0.0,-0.707106781187,0.0,-0.707106781187,1.0,0.0,0.0387216,1
-0.707106781187,0.0,0.707106781187,0.0,1.0,0.0,-0.707106781187,0.0,-0.707106781187,1.0,0.0,0.0403748,1
-0.707106781187,0.0,0.707106781187,0.0,1.0,0.0,-0.707106781187,0.0,-0.707106781187,1.0,0.0,0.0421072,1
-0.707106781187,0.0,0.707106781187,0.0,1.0,0.0,-0.707106781187,0.0,-0.707106781187,1.0,0.0,0.0439164,1
-0.707106781187,0.0,0.707106781187,0.0,1.0,0.0,-0.707106781187,0.0,-0.707106781187,1.0,0.0,0.0458,1
-0.707106781187,0.0,0.707106781187,0.0,1.0,0.0,-0.707106781187,0.0,-0.707106781187,1.0,0.0,0.0477556,1
-0.707106781187,0.0,0.707106781187,0.0,1.0,0.0,-0.707106781187,0.0,-0.707106781187,1.0,0.0,0.0497808,1
-0.707106781187,0.0,0.707106781187,0.0,1.0,0.0,-0.707106781187,0.0,-0.707106781187,1.0,0.0,0.0518732,1
-0.707106781187,0.0,0.707106781187,0.0,1.0,0.0,-0.707106781187,0.0,-0.707106781187,1.0,0.0,0.0540304,1
-0.707106781187,0.0,0.707106781187,0.0,1.0,0.0,-0.707106781187,0.0,-0.707106781187,1.0,0.0,0.05625,1
-0.707106781187,0.0,0.707106781187,0.0,1.0,0.0,-0.707106781187,0.0,-0.707106781187,1.0,0.0,0.0585296,1
-0.707106781187,0.0,0.707106781187,0.0,1.0,0.0,-0.707106781187,0.0,-0.707106781187,1.0,0.0,0.0608668,1
-0.707106781187,0.0,0.707106781187,0.0,1.0,0.0,-0.707106781187,0.0,-0.707106781187,1.0,0.0,0.0632592,1
-0.707106781187,0.0,0.707106781187,0.0,1.0,0.0,-0.707106781187,0.0,-0.707106781187,1.0,0.0,0.0657044,1
-0.707106781187,0.0,0.707106781187,0.0,1.0,0.0,-0.707106781187,0.0,-0.707106781187,1.0,0.0,0.0682,1
-0.707106781187,0.0,0.707106781187,0.0,1.0,0.0,-0.707106781187,0.0,-0.707106781187,1.0,0.0,0.0707436,1
-0.707106781187,0.0,0.707106781187,0.0,1.0,0.0,-0.707106781187,0.0,-0.707106781187,1.0,0.0,0.0733328,1
-0.707106781187,0.0,0.707106781187,0.0,1.0,0.0,-0.707106781187,0.0,-0.707106781187,1.0,0.0,0.0759652,1
-0.707106781187,0.0,0.707106781187,0.0,1.0,0.0,-0.707106781187,0.0,-0.707106781187,1.0,0.0,0.0786384,1
-0.707106781187,0.0,0.707106781187,0.0,1.0,0.0,-0.707106781187,0.0,-0.707106781187,1.0,0.0,0.08135,1
-0.707106781187,0.0,0.707106781187,0.0,1.0,0.0,-0.707106781187,0.0,-0.707106781187,1.0,0.0,0.0840976,1
-0.707106781187,0.0,0.707106781187,0.0,1.0,0.0,-0.707106781187,0.0,-0.707106781187,1.0,0.0,0.0868788,1
-0.707106781187,0.0,0.707106781187,0.0,1.0,0.0,-0.707106781187,0.0,-0.707106781187,1.0,0.0,0.0896912,1
-0.707106781187,0.0,0.707106781187,0.0,1.0,0.0,-0.707106781187,0.0,-0.707106781187,1.0,0.0,0.0925324,1
-0.707106781187,0.0,0.707106781187,0.0,1.0,0.0,-0.707106781187,0.0,-0.707106781187,1.0,0.0,0.0954,1
-0.707106781187,0.0,0.707106781187,0.0,1.0,0.0,-0.707106781187,0.0,-0.707106781187,1.0,0.0,0.0982916,1
-0.707106781187,0.0,0.707106781187,0.0,1.0,0.0,-0.707106781187,0.0,-0.707106781187,1.0,0.0,0.1012048,1
-0.707106781187,0.0,0.707106781187,0.0,1.0,0.0,-0.707106781187,0.0,-0.707106781187,1.0,0.0,0.1041372,1
-0.707106781187,0.0,0.707106781187,0.0,1.0,0.0,-0.707106781187,0.0,-0.707106781187,1.0,0.0,0.1070864,1
-0.707106781187,0.0,0.707106781187,0.0,1.0,0.0,-0.707106781187,0.0,-0.707106781187,1.0,0.0,0.11005,1
-0.707106781187,0.0,0.707106781187,0.0,1.0,0.0,-0.707106781187,0.0,-0.707106781187,1.0,0.0,0.1130256,1
-0.707106781187,0.0,0.707106781187,0.0,1.0,0.0,-0.707106781187,0.0,-0.707106781187,1.0,0.0,0.1160108,1
-0.707106781187,0.0,0.707106781187,0.0,1.0,0.0,-0.707106781187,0.0,-0.707106781187,1.0,0.0,0.1190032,1
-0.707106781187,0.0,0.707106781187,0.0,1.0,0.0,-0.707106781187,0.0,-0.707106781187,1.0,0.0,0.1220004,1
-0.707106781187,0.0,0.707106781187,0.0,1.0,0.0,-0.707106781187,0.0,-0.707106781187,1.0,0.0,0.125,1
-0.707106781187,0.0,0.707106781187,0.0,1.0,0.0,-0.707106781187,0.0,-0.707106781187,1.0,0.0,0.1279996,1
-0.707106781187,0.0,0.707106781187,0.0,1.0,0.0,-0.707106781187,0.0,-0.707106781187,1.0,0.0,0.1309968,1
-0.707106781187,0.0,0.707106781187,0.0,1.0,0.0,-0.707106781187,0.0,-0.707106781187,1.0,0.0,0.1339892,1
-0.707106781187,0.0,0.707106781187,0.0,1.0,0.0,-0.707106781187,0.0,-0.707106781187,1.0,0.0,0.1369744,1
-0.707106781187,0.0,0.707106781187,0.0,1.0,0.0,-0.707106781187,0.0,-0.707106781187,1.0,0.0,0.13995,1
-0.707106781187,0.0,0.707106781187,0.0,1.0,0.0,-0.707106781187,0.0,-0.707106781187,1.0,0.0,0.1429136,1
-0.707106781187,0.0,0.707106781187,0.0,1.0,0.0,-0.707106781187,0.0,-0.707106781187,1.0,0.0,0.1458628,1
-0.707106781187,0.0,0.707106781187,0.0,1.0,0.0,-0.707106781187,0.0,-0.707106781187,1.0,0.0,0.1487952,1
-0.707106781187,0.0,0.707106781187,0.0,1.0,0.0,-0.707106781187,0.0,-0.707106781187,1.0,0.0,0.1517084,1
-0.707106781187,0.0,0.707106781187,0.0,1.0,0.0,-0.707106781187,0.0,-0.707106781187,1.0,0.0,0.1546,1
-0.707106781187,0.0,0.707106781187,0.0,1.0,0.0,-0.707106781187,0.0,-0.707106781187,1.0,0.0,0.1574676,1
-0.707106781187,0.0,0.707106781187,0.0,1.0,0.0,-0.707106781187,0.0,-0.707106781187,1.0,0.0,0.1603088,1
-0.707106781187,0.0,0.707106781187,0.0,1.0,0.0,-0.707106781187,0.0,-0.707106781187,1.0,0.0,0.1631212,1
-0.707106781187,0.0,0.707106781187,0.0,1.0,0.0,-0.707106781187,0.0,-0.707106781187,1.0,0.0,0.1659024,1
-0.707106781187,0.0,0.707106781187,0.0,1.0,0.0,-0.707106781187,0.0,-0.707106781187,1.0,0.0,0.16865,1
-0.707106781187,0.0,0.707106781187,0.0,1.0,0.0,-0.707106781187,0.0,-0.707106781187,1.0,0.0,0.1713616,1
-0.707106781187,0.0,0.707106781187,0.0,1.0,0.0,-0.707106781187,0.0,-0.707106781187,1.0,0.0,0.1740348,1
-0.707106781187,0.0,0.707106781187,0.0,1.0,0.0,-0.707106781187,0.0,-0.707106781187,1.0,0.0,0.1766672,1
-0.707106781187,0.0,0.707106781187,0.0,1.0,0.0,-0.707106781187,0.0,-0.707106781187,1.0,0.0,0.1792564,1
-0.707106781187,0.0,0.707106781187,0.0,1.0,0.0,-0.707106781187,0.0,-0.707106781187,1.0,0.0,0.1818,1
